48 16 
52 12 
47 17 
51 13 
1 60 
54 10 
34 30 
27 37 
31 33 
24 40 
32 32 
22 42 
22 42 
46 18 
11 53 
45 19 
37 27 
35 29 
15 49 
21 43 
16 48 
48 16 
38 26 
18 46 
18 46 
41 23 
46 18 
31 33 
23 41 
21 43 
22 42 
23 41 
24 40 
15 49 
42 22 
15 49 
14 50 
23 41 
13 51 
23 41 
24 40 
13 51 
18 46 
40 24 
5 59 
28 36 
35 29 
50 14 
40 24 
32 32 
41 23 
13 51 
41 23 
42 22 
4 60 
15 49 
58 6 
41 23 
16 48 
27 37 
35 29 
35 29 
40 24 
32 32 
45 19 
23 41 
27 37 
35 29 
36 28 
23 41 
11 53 
25 39 
51 13 
21 43 
35 0 
55 9 
34 30 
30 34 
19 45 
43 21 
0 45 
36 28 
42 22 
37 27 
37 27 
23 41 
35 29 
33 31 
24 40 
28 36 
31 33 
18 46 
13 51 
20 44 
29 35 
41 23 
29 35 
46 18 
60 4 
38 26 
