0.02300739288330078
0.13143658638000488
0.20826196670532227
0.04336905479431152
0.2629821300506592
0.06825518608093262
0.19718647003173828
0.3056604862213135
0.232987642288208
0.2528562545776367
0.29705238342285156
0.17484474182128906
0.20874929428100586
0.19658231735229492
0.2312028408050537
0.14196324348449707
0.09198689460754395
0.08210897445678711
0.04686427116394043
0.07882094383239746
0.020580291748046875
0.025303125381469727
0.04003596305847168
0.02485489845275879
0.0432887077331543
0.016394376754760742
0.00397181510925293
0.004193544387817383
0.0009999275207519531
0.0
0.022630691528320312
0.1024932861328125
0.18481850624084473
0.08719563484191895
0.19594478607177734
0.061151742935180664
0.19401168823242188
0.32311224937438965
0.44629573822021484
0.17192935943603516
0.12145376205444336
0.2016611099243164
0.2531306743621826
0.18535661697387695
0.14955806732177734
0.10273623466491699
0.07524919509887695
0.06819796562194824
0.04470372200012207
0.037081241607666016
0.0582277774810791
0.01975083351135254
0.053143978118896484
0.0332493782043457
0.03565406799316406
0.03125476837158203
0.015523433685302734
0.0009992122650146484
0.0
0.0
0.021833419799804688
0.02484583854675293
0.11870503425598145
0.2096412181854248
0.14592456817626953
0.49854350090026855
0.5493168830871582
0.21388816833496094
0.2908027172088623
0.17235422134399414
0.14646553993225098
0.23049473762512207
0.44284939765930176
0.37705063819885254
0.09877514839172363
0.07645487785339355
0.09493303298950195
0.07779097557067871
0.10116982460021973
0.06563186645507812
0.04249405860900879
0.10731315612792969
0.14622926712036133
0.1370711326599121
0.06948494911193848
0.08107972145080566
0.010995149612426758
0.00978708267211914
0.0019989013671875
0.0005152225494384766
0.04069924354553223
0.09019303321838379
0.1461944580078125
0.23499393463134766
0.15493178367614746
0.36254167556762695
0.3568875789642334
0.19621968269348145
0.1995711326599121
0.2320265769958496
0.20107078552246094
0.33057212829589844
0.22196626663208008
0.11560344696044922
0.12029075622558594
0.04330587387084961
0.022871732711791992
0.06253862380981445
0.16767549514770508
0.08233523368835449
0.09746718406677246
0.06347393989562988
0.007712602615356445
0.02838134765625
0.003014087677001953
0.0010066032409667969
0.0059185028076171875
0.001999378204345703
0.0009963512420654297
0.039879798889160156
0.19855809211730957
0.1776716709136963
0.036847829818725586
0.0434417724609375
0.08451724052429199
0.025503873825073242
0.4942049980163574
0.1971440315246582
0.3785555362701416
0.29755187034606934
0.24792933464050293
0.19568395614624023
0.03458833694458008
0.18478751182556152
0.2294142246246338
0.4406101703643799
0.1354830265045166
0.17831015586853027
0.0740821361541748
0.09871554374694824
0.10548925399780273
0.017200469970703125
0.019099712371826172
0.017158031463623047
0.010953426361083984
0.013596773147583008
0.0040111541748046875
0.003579854965209961
0.0014979839324951172
0.04332327842712402
0.15326690673828125
0.3338477611541748
0.12331962585449219
0.12252354621887207
0.3351399898529053
0.17539763450622559
0.12405729293823242
0.3349449634552002
0.13016009330749512
0.11458206176757812
0.7194044589996338
0.538794755935669
0.3603529930114746
0.41487741470336914
0.6287543773651123
0.23854756355285645
0.22115135192871094
0.1892704963684082
0.1429882049560547
0.09067821502685547
0.08823609352111816
0.0901033878326416
0.05301380157470703
0.11111855506896973
0.0609745979309082
0.01777791976928711
0.0075113773345947266
0.0009827613830566406
0.0005006790161132812
0.05359816551208496
0.06591391563415527
0.5459070205688477
0.3727457523345947
0.07619047164916992
0.2561054229736328
0.3347501754760742
0.1392965316772461
0.19031453132629395
0.1945192813873291
0.19555306434631348
0.2882833480834961
0.17743301391601562
0.3432137966156006
1.8545112609863281
0.9890117645263672
0.5001993179321289
0.29404616355895996
0.27242255210876465
0.33499670028686523
0.18066048622131348
0.1954212188720703
0.08858132362365723
0.0760643482208252
0.03920483589172363
0.10155129432678223
0.0338437557220459
0.006236076354980469
0.0020017623901367188
0.0009410381317138672
0.04461407661437988
0.054121971130371094
0.4375584125518799
0.08211207389831543
0.19926762580871582
0.5998172760009766
0.18995213508605957
0.6687619686126709
0.1909639835357666
0.5720992088317871
0.44550180435180664
0.25742244720458984
0.19191431999206543
0.17159366607666016
0.17787480354309082
0.17001748085021973
0.11919903755187988
0.09546685218811035
0.09185099601745605
0.10568475723266602
0.16188621520996094
0.05911970138549805
0.07648658752441406
0.07179117202758789
0.03414630889892578
0.044219255447387695
0.010130643844604492
0.004999399185180664
0.001001119613647461
0.0
0.025897979736328125
0.12454533576965332
0.19681501388549805
0.1351909637451172
0.17400264739990234
0.12393021583557129
0.2056121826171875
0.13305449485778809
0.17271709442138672
0.16310787200927734
0.26009368896484375
0.38668179512023926
0.28202080726623535
0.530686616897583
0.3460078239440918
0.37511110305786133
0.18093061447143555
0.27085447311401367
0.11968040466308594
0.17932701110839844
0.03170633316040039
0.024207353591918945
0.10008955001831055
0.057192087173461914
0.11678504943847656
0.05948019027709961
0.018288135528564453
0.005556821823120117
0.0055027008056640625
0.0002803802490234375
0.04068946838378906
0.04903078079223633
0.309643030166626
0.33231091499328613
0.4796562194824219
0.21559691429138184
0.4561617374420166
0.5311183929443359
0.4297153949737549
0.6526877880096436
0.267744779586792
0.44672656059265137
0.6323578357696533
0.42996668815612793
0.5867071151733398
0.3806273937225342
0.25363731384277344
0.35271167755126953
0.11614108085632324
0.14817285537719727
0.08778715133666992
0.13564467430114746
0.14908862113952637
0.11355996131896973
0.04013705253601074
0.01783275604248047
0.003994464874267578
0.00099945068359375
0.0035376548767089844
0.00014662742614746094
0.0408782958984375
0.21057462692260742
0.26273250579833984
0.4385249614715576
0.16477489471435547
0.1008296012878418
0.14580368995666504
0.3175773620605469
0.5561692714691162
0.5256748199462891
0.5894618034362793
0.6571109294891357
0.9022517204284668
0.7337667942047119
0.48681139945983887
0.45709896087646484
0.15749406814575195
0.16605067253112793
0.1641690731048584
0.34766268730163574
0.2634727954864502
0.2504417896270752
0.10278534889221191
0.08106708526611328
0.0538487434387207
0.02919459342956543
0.00234222412109375
0.0040128231048583984
0.0005009174346923828
0.0
0.04749488830566406
0.04396820068359375
0.23560023307800293
0.22080707550048828
0.19681215286254883
0.4016432762145996
0.16849851608276367
0.10110735893249512
0.2978243827819824
0.49469947814941406
0.6068511009216309
0.7060627937316895
0.4353516101837158
0.616168737411499
0.5043601989746094
0.43826937675476074
0.44842076301574707
0.22444725036621094
0.08434677124023438
0.1172635555267334
0.2062208652496338
0.2393171787261963
0.0801393985748291
0.044350624084472656
0.04744219779968262
0.023413896560668945
0.006017208099365234
0.0014891624450683594
0.0
0.0005123615264892578
0.04928445816040039
0.2272484302520752
0.307750940322876
0.2255551815032959
0.5103845596313477
0.43535590171813965
0.6162924766540527
0.21550893783569336
0.2654898166656494
0.37932705879211426
0.22989273071289062
0.39403533935546875
0.23056936264038086
0.27579307556152344
0.2827870845794678
0.44307374954223633
0.27044677734375
0.20129799842834473
0.11695241928100586
0.07667684555053711
0.036667823791503906
0.13533520698547363
0.18991804122924805
0.08945655822753906
0.11100578308105469
0.037902116775512695
0.04400491714477539
0.024440526962280273
0.023038864135742188
0.002500295639038086
0.0014684200286865234
0.0010440349578857422
0.030305862426757812
0.030382633209228516
0.15025043487548828
0.23266267776489258
0.20454835891723633
0.22754144668579102
0.20432114601135254
0.34088730812072754
0.11730003356933594
0.4185068607330322
0.41041040420532227
0.18105602264404297
0.2725040912628174
0.13274002075195312
0.33446526527404785
0.38735151290893555
0.3383798599243164
0.24484896659851074
0.10966324806213379
0.10243701934814453
0.10182023048400879
0.0392756462097168
0.07162714004516602
0.026758193969726562
0.018183469772338867
0.0212860107421875
0.018955707550048828
0.006986856460571289
0.0022003650665283203
0.0010175704956054688
0.019626140594482422
0.17200279235839844
0.17029428482055664
0.09182262420654297
0.22092056274414062
0.16875648498535156
0.33577561378479004
0.11116909980773926
0.204909086227417
0.1630089282989502
0.3909885883331299
0.5082173347473145
0.48436737060546875
0.6183996200561523
0.5463118553161621
0.4660532474517822
0.3533341884613037
0.2752354145050049
0.18917322158813477
0.18468403816223145
0.1850597858428955
0.22145605087280273
0.18405723571777344
0.25649499893188477
0.14941167831420898
0.16974544525146484
0.03147077560424805
0.00600433349609375
0.0019931793212890625
0.002999544143676758
0.0
0.035147666931152344
0.16456890106201172
0.3235917091369629
0.12757086753845215
0.32369065284729004
0.34458494186401367
0.3446807861328125
0.696415901184082
0.8578834533691406
0.7764098644256592
0.3917691707611084
0.42442893981933594
1.038874626159668
0.8657362461090088
0.5131187438964844
0.4857616424560547
0.25788044929504395
0.04701972007751465
0.05993032455444336
0.016691923141479492
0.02357316017150879
0.01617264747619629
0.016798973083496094
0.06700539588928223
0.05484771728515625
0.03624367713928223
0.008599996566772461
0.0021016597747802734
0.0012097358703613281
0.0
0.02782297134399414
0.028784513473510742
0.1556539535522461
0.16770362854003906
0.4489936828613281
0.20623278617858887
0.3974301815032959
0.42164158821105957
0.4160192012786865
0.6525204181671143
0.6102161407470703
0.5427191257476807
0.2673494815826416
0.3520982265472412
0.33526015281677246
0.13487720489501953
0.24190735816955566
0.10149884223937988
0.07732248306274414
0.05762815475463867
0.15668988227844238
0.16749310493469238
0.23155689239501953
0.06787586212158203
0.11428475379943848
0.04387712478637695
0.015723228454589844
0.006011486053466797
0.0009276866912841797
0.00040721893310546875
0.031126737594604492
0.039237022399902344
0.16873598098754883
0.04425835609436035
0.06279277801513672
0.1606123447418213
0.08391737937927246
0.21676373481750488
0.2228560447692871
0.24676871299743652
0.3425607681274414
0.3617990016937256
0.25187063217163086
0.3383750915527344
0.2581923007965088
0.24951934814453125
0.18497490882873535
0.20435833930969238
0.15178656578063965
0.13774752616882324
0.019184589385986328
0.14119863510131836
0.041654348373413086
0.07773518562316895
0.03739452362060547
0.01244211196899414
0.023548126220703125
0.012035131454467773
0.002258777618408203
0.0
0.04615068435668945
0.05051422119140625
0.26650524139404297
0.6187772750854492
0.4614403247833252
0.5992376804351807
0.3165245056152344
0.34513187408447266
0.389082670211792
0.3681008815765381
0.37927722930908203
0.2947211265563965
0.31139588356018066
0.2528066635131836
0.2871894836425781
0.21070194244384766
0.15181398391723633
0.21079587936401367
0.23680520057678223
0.01330876350402832
0.07390880584716797
0.17250776290893555
0.23622870445251465
0.11419105529785156
0.10911917686462402
0.06665921211242676
0.06214332580566406
0.017127513885498047
0.002008676528930664
0.0009877681732177734
0.0006015300750732422
0.02512526512145996
0.024621248245239258
0.1885209083557129
0.24059557914733887
0.2843914031982422
0.3258810043334961
0.158858060836792
0.36075830459594727
0.11246943473815918
0.28002238273620605
0.2715950012207031
0.3496584892272949
0.34917759895324707
0.54563307762146
0.3946554660797119
0.7555732727050781
0.6615293025970459
0.47173190116882324
0.27242183685302734
0.2219405174255371
0.2196063995361328
0.13941001892089844
0.09301209449768066
0.08448672294616699
0.22452878952026367
0.07266473770141602
0.0191957950592041
0.015435457229614258
0.0012235641479492188
0.0010867118835449219
0.03942728042602539
0.03476405143737793
0.46024346351623535
0.37738895416259766
0.04269003868103027
0.04413294792175293
0.04687619209289551
0.012209177017211914
0.2757706642150879
0.37572288513183594
0.819756269454956
0.5211553573608398
0.33339405059814453
0.24493622779846191
0.5784456729888916
0.2835879325866699
0.28030872344970703
0.29294586181640625
0.4316065311431885
0.5049023628234863
0.45971083641052246
0.2514772415161133
0.18517374992370605
0.0899355411529541
0.05404162406921387
0.047470808029174805
0.015208005905151367
0.003998994827270508
0.0037870407104492188
0.0007648468017578125
0.0010056495666503906
0.02837848663330078
0.19884920120239258
0.3057727813720703
0.1301884651184082
0.41861486434936523
0.36297035217285156
0.42147302627563477
0.3074471950531006
0.22327232360839844
0.22351431846618652
0.1747148036956787
0.20609426498413086
0.11398196220397949
0.19890761375427246
0.2692446708679199
0.29320192337036133
0.17241549491882324
0.08688139915466309
0.06348037719726562
0.12007594108581543
0.13555693626403809
0.0475161075592041
0.06746220588684082
0.05385446548461914
0.05173921585083008
0.02677774429321289
0.015051603317260742
0.006078958511352539
0.0011391639709472656
0.0
0.02552938461303711
0.11892056465148926
0.11856937408447266
0.08119630813598633
0.23544788360595703
0.16059565544128418
0.09904718399047852
0.28275418281555176
0.26674652099609375
0.19789457321166992
0.18889379501342773
0.28594279289245605
0.14933228492736816
0.22405409812927246
0.20258188247680664
0.15119481086730957
0.11081337928771973
0.10284256935119629
0.06269502639770508
0.05802011489868164
0.08413052558898926
0.1043100357055664
0.052364349365234375
0.05302166938781738
0.06017160415649414
0.03932929039001465
0.012644290924072266
0.003993034362792969
0.0010008811950683594
0.0010001659393310547
0.026981592178344727
0.030074596405029297
0.2291548252105713
0.29584789276123047
0.36812543869018555
0.20954465866088867
0.1991431713104248
0.1451096534729004
0.14155364036560059
0.14683270454406738
0.32918214797973633
0.2518575191497803
0.2910425662994385
0.3485589027404785
0.23256659507751465
0.23261117935180664
0.10735440254211426
0.07146573066711426
0.04272294044494629
0.06255793571472168
0.004123210906982422
0.11152315139770508
0.12850403785705566
0.12801647186279297
0.039817094802856445
0.040053367614746094
0.023282289505004883
0.004571199417114258
0.0013265609741210938
0.0
0.02806687355041504
0.02627253532409668
0.12075209617614746
0.1182394027709961
0.2148594856262207
0.15883946418762207
0.2592167854309082
0.3274250030517578
0.23627901077270508
0.17774701118469238
0.4483647346496582
0.39266014099121094
0.5489304065704346
0.4697284698486328
0.29338908195495605
0.20182561874389648
0.21448636054992676
0.17125749588012695
0.2085282802581787
0.284912109375
0.252547025680542
0.16817855834960938
0.12221455574035645
0.15501022338867188
0.17907238006591797
0.07500314712524414
0.005091190338134766
0.0010006427764892578
0.002091646194458008
0.0011606216430664062
0.06410765647888184
0.05901217460632324
0.22925019264221191
0.2581610679626465
0.0454099178314209
0.22964000701904297
0.1634366512298584
0.1993410587310791
0.11060881614685059
0.3550848960876465
0.45733046531677246
0.19035792350769043
0.2211744785308838
0.14450931549072266
0.16083908081054688
0.5860774517059326
0.1833345890045166
0.21737122535705566
0.13684415817260742
0.09848284721374512
0.07134556770324707
0.059986114501953125
0.0726163387298584
0.20932912826538086
0.13816308975219727
0.1141347885131836
0.023656129837036133
0.05873417854309082
0.00383758544921875
0.001031637191772461
0.06592202186584473
0.25325727462768555
0.3757596015930176
0.36855602264404297
0.1707913875579834
0.8192770481109619
0.48053407669067383
0.6826684474945068
0.3273138999938965
0.8022196292877197
0.8921670913696289
0.3803410530090332
0.41814684867858887
0.5831379890441895
0.1552269458770752
0.4436819553375244
0.6161136627197266
0.5139193534851074
0.2716231346130371
0.10992646217346191
0.09608960151672363
0.07640767097473145
0.08878326416015625
0.08103251457214355
0.04622626304626465
0.04621124267578125
0.028469324111938477
0.011162042617797852
0.0034699440002441406
0.0009989738464355469
0.055997610092163086
0.06272029876708984
0.3531975746154785
0.2517101764678955
0.14180350303649902
0.6951406002044678
0.7247946262359619
0.3261573314666748
1.005643606185913
2.1752445697784424
2.3173277378082275
0.8064911365509033
0.8846743106842041
0.5699307918548584
0.4324193000793457
0.24942803382873535
0.1500873565673828
0.1565861701965332
0.15343737602233887
0.08271217346191406
0.0714864730834961
0.05607318878173828
0.11527490615844727
0.06837081909179688
0.09881019592285156
0.028606176376342773
0.03022027015686035
0.006522655487060547
0.002004861831665039
0.0006833076477050781
0.031462907791137695
0.06748104095458984
0.18994617462158203
0.24648046493530273
0.37488579750061035
0.3290414810180664
0.3114445209503174
0.2066652774810791
0.2340536117553711
0.22913241386413574
0.44919729232788086
0.748610258102417
0.6265249252319336
0.3447868824005127
0.32292962074279785
0.16528582572937012
0.16772675514221191
0.18070220947265625
0.17390799522399902
0.11103463172912598
0.0688638687133789
0.01771235466003418
0.015522956848144531
0.09742069244384766
0.08990216255187988
0.043793678283691406
0.02615642547607422
0.004007816314697266
0.0005476474761962891
0.001527547836303711
0.030289411544799805
0.03407692909240723
0.17962217330932617
0.03111577033996582
0.15046262741088867
0.29290246963500977
0.19297170639038086
0.47914767265319824
0.15454554557800293
0.17273736000061035
0.2599630355834961
0.31522274017333984
0.16493916511535645
0.21928167343139648
0.21800827980041504
0.20581746101379395
0.1205129623413086
0.11766552925109863
0.08728146553039551
0.16075468063354492
0.17347931861877441
0.15141820907592773
0.15826082229614258
0.13778066635131836
0.1285381317138672
0.07365798950195312
0.04996824264526367
0.061319828033447266
0.03456926345825195
0.0035905838012695312
0.003231525421142578
0.0
0.03440284729003906
0.19682860374450684
0.35840511322021484
0.06740117073059082
0.4792635440826416
0.1632230281829834
0.24159002304077148
0.10651469230651855
0.2784407138824463
0.3196077346801758
0.3299548625946045
0.42281365394592285
0.534555196762085
0.46616053581237793
0.23072075843811035
0.432828426361084
0.33533740043640137
0.06427311897277832
0.15956926345825195
0.2101893424987793
0.17784857749938965
0.20436882972717285
0.10937047004699707
0.17118215560913086
0.036916255950927734
0.08882713317871094
0.04871034622192383
0.025266647338867188
0.002325296401977539
0.0
0.0
0.03231620788574219
0.07571935653686523
0.12675070762634277
0.20373916625976562
0.3951377868652344
0.23444223403930664
0.3334498405456543
0.14873170852661133
0.647707462310791
0.6482305526733398
0.5761110782623291
0.6383161544799805
0.46874237060546875
0.4613215923309326
0.5810747146606445
0.33885693550109863
0.25058579444885254
0.19809269905090332
0.19687938690185547
0.14720416069030762
0.1183168888092041
0.1432628631591797
0.09610319137573242
0.08462810516357422
0.06603407859802246
0.04192829132080078
0.011597156524658203
0.009683609008789062
0.0039048194885253906
0.001646280288696289
0.00043964385986328125
0.035254478454589844
0.22544026374816895
0.11336565017700195
0.13947105407714844
0.07501339912414551
0.1546616554260254
0.2304377555847168
0.3907601833343506
0.2561933994293213
0.20421552658081055
0.2761805057525635
0.8259949684143066
0.7675890922546387
0.667456865310669
0.609795331954956
0.3961625099182129
0.26600170135498047
0.17510247230529785
0.017562389373779297
0.07575273513793945
0.1612856388092041
0.13874149322509766
0.1419210433959961
0.10399508476257324
0.03853893280029297
0.049291133880615234
0.017045259475708008
0.006039619445800781
0.00099945068359375
0.000499725341796875
0.04794001579284668
0.1163949966430664
0.255267858505249
0.12156391143798828
0.1508951187133789
0.14858150482177734
0.5800440311431885
1.0831801891326904
0.704127311706543
0.8324720859527588
0.7398562431335449
0.35194873809814453
0.5539076328277588
0.2843947410583496
0.2339780330657959
0.3536355495452881
0.26456117630004883
0.22136664390563965
0.23479366302490234
0.07285857200622559
0.20612573623657227
0.17825937271118164
0.06087517738342285
0.04380345344543457
0.01966714859008789
0.07001113891601562
0.0411224365234375
0.007519960403442383
0.0029497146606445312
0.0013086795806884766
0.0
0.03130769729614258
0.035401105880737305
0.17475199699401855
0.17217755317687988
0.21233749389648438
0.36662793159484863
0.8536789417266846
0.6694269180297852
0.7633936405181885
0.6851773262023926
0.6555633544921875
0.4334371089935303
0.9690613746643066
0.40017104148864746
0.2336287498474121
0.16852951049804688
0.17691612243652344
0.12244534492492676
0.060827016830444336
0.03493642807006836
0.04449152946472168
0.0130767822265625
0.012220621109008789
0.06175994873046875
0.058339595794677734
0.0403592586517334
0.02537369728088379
0.006190776824951172
0.0014142990112304688
0.0005006790161132812
0.036417245864868164
0.08924460411071777
0.12877798080444336
0.2686774730682373
0.4839010238647461
0.07213211059570312
0.2408003807067871
0.15013813972473145
0.21598243713378906
0.27199888229370117
0.2381761074066162
0.4003729820251465
0.4420452117919922
0.761681318283081
0.6732032299041748
0.44951581954956055
0.5397663116455078
0.48778653144836426
0.5246033668518066
0.32594752311706543
0.27767515182495117
0.266834020614624
0.27099061012268066
0.2653367519378662
0.17711973190307617
0.12572383880615234
0.08138132095336914
0.09014773368835449
0.09154510498046875
0.027092933654785156
0.0199277400970459
0.009772062301635742
0.0020034313201904297
0.0005002021789550781
0.06166720390319824
0.06374168395996094
0.3027479648590088
0.30371928215026855
0.3833639621734619
0.5083763599395752
0.7602002620697021
0.58258056640625
0.45162129402160645
0.7228472232818604
0.7823383808135986
0.48543548583984375
0.4828007221221924
0.3935065269470215
0.3370788097381592
0.2680473327636719
0.2940201759338379
0.20262670516967773
0.137800931930542
0.10332059860229492
0.11735987663269043
0.04690074920654297
0.10133552551269531
0.06736063957214355
0.025828123092651367
0.17701005935668945
0.06278347969055176
0.019495248794555664
0.006192207336425781
0.0039942264556884766
0.001997709274291992
0.0
0.028732776641845703
0.19141387939453125
0.22527790069580078
0.04107260704040527
0.15498566627502441
0.13629961013793945
0.13004040718078613
0.04329562187194824
0.16467785835266113
0.03027486801147461
0.37453198432922363
0.14516901969909668
0.10751509666442871
0.08457422256469727
0.06714677810668945
0.25048160552978516
0.23033618927001953
0.281235933303833
0.779618501663208
0.543034553527832
0.359616756439209
0.2867119312286377
0.19025039672851562
0.14119696617126465
0.08857083320617676
0.05358099937438965
0.04687762260437012
0.018938064575195312
0.011563777923583984
0.004966020584106445
0.0009965896606445312
0.03868269920349121
0.03651618957519531
0.16546344757080078
0.18392157554626465
0.43271446228027344
0.5520095825195312
0.46590447425842285
0.25695371627807617
0.6086363792419434
0.8898942470550537
0.5272235870361328
0.3785548210144043
0.565403938293457
0.4512765407562256
0.32675933837890625
0.39162492752075195
0.43503594398498535
0.28290867805480957
0.24251484870910645
0.31960082054138184
0.3250386714935303
0.12576889991760254
0.15937232971191406
0.17232871055603027
0.13596248626708984
0.09012126922607422
0.03235316276550293
0.008094549179077148
0.0009999275207519531
0.0009996891021728516
0.0
0.0
0.03651571273803711
0.0321505069732666
0.38480257987976074
0.18005681037902832
0.7202391624450684
0.4026355743408203
0.43216800689697266
0.6862363815307617
0.8617324829101562
0.4434809684753418
0.9321317672729492
1.0015323162078857
0.836078405380249
0.6114041805267334
0.5849568843841553
0.3435635566711426
0.28464818000793457
0.13840889930725098
0.24858593940734863
0.14629173278808594
0.12174677848815918
0.21565556526184082
0.07857346534729004
0.18389558792114258
0.15201377868652344
0.05298757553100586
0.0017478466033935547
0.008068323135375977
0.004000663757324219
0.001001596450805664
0.041495323181152344
0.04192757606506348
0.3598027229309082
0.5021498203277588
0.4451725482940674
0.8200397491455078
0.4309689998626709
0.33302998542785645
0.1752016544342041
0.46716856956481934
0.43752288818359375
0.44490957260131836
0.47682738304138184
0.5704483985900879
0.39293503761291504
0.21026945114135742
0.3091866970062256
0.05424046516418457
0.051987648010253906
0.06721806526184082
0.1435244083404541
0.07858777046203613
0.06016039848327637
0.09814000129699707
0.17534422874450684
0.036237478256225586
0.002057313919067383
0.015961647033691406
0.0070590972900390625
0.0
0.0002353191375732422
0.03203153610229492
0.0875093936920166
0.14479684829711914
0.15871739387512207
0.45983362197875977
0.4520754814147949
0.45128488540649414
0.7493526935577393
0.6232585906982422
0.8195276260375977
0.5970869064331055
0.5432500839233398
0.8476440906524658
0.8915503025054932
0.742490291595459
0.579108476638794
0.5720748901367188
0.4600207805633545
0.37172651290893555
0.2165989875793457
0.20122027397155762
0.11440038681030273
0.11860489845275879
0.3096911907196045
0.19255304336547852
0.24768781661987305
0.20009589195251465
0.09192371368408203
0.05008840560913086
0.013440370559692383
0.010017156600952148
0.005330324172973633
0.0050661563873291016
0.002006053924560547
0.07507753372192383
0.2599329948425293
0.41721487045288086
0.1807694435119629
0.269946813583374
0.16927790641784668
0.1564159393310547
0.20930194854736328
0.13317346572875977
0.08129620552062988
0.12263607978820801
0.07319998741149902
0.1734757423400879
0.1817913055419922
0.13104820251464844
0.5194742679595947
0.3802754878997803
0.5301344394683838
0.2854135036468506
0.2690756320953369
0.14430475234985352
0.11461019515991211
0.08046150207519531
0.06384921073913574
0.05832386016845703
0.03236794471740723
0.03214883804321289
0.022584915161132812
0.0010561943054199219
0.001505136489868164
0.0008437633514404297
0.026375532150268555
0.02734971046447754
0.12636470794677734
0.11889982223510742
0.111907958984375
0.27188920974731445
0.27779364585876465
0.17516350746154785
0.19763469696044922
0.2511265277862549
0.49410033226013184
0.5180215835571289
0.22382736206054688
0.18683934211730957
0.18144774436950684
0.0970613956451416
0.13439655303955078
0.10237431526184082
0.035588979721069336
0.12941336631774902
0.12257909774780273
0.08940911293029785
0.14612126350402832
0.024177074432373047
0.013278961181640625
0.015054702758789062
0.01838970184326172
0.003503084182739258
0.0010023117065429688
0.0
0.027304410934448242
0.03212380409240723
0.1457688808441162
0.12255072593688965
0.2387545108795166
0.22233033180236816
0.12787151336669922
0.20285773277282715
0.1010282039642334
0.08321046829223633
0.2832300662994385
0.2048039436340332
0.3250613212585449
0.26993536949157715
0.3646273612976074
0.28915858268737793
0.2572319507598877
0.11136269569396973
0.1344146728515625
0.0834498405456543
0.06941866874694824
0.06286334991455078
0.0892174243927002
0.08772110939025879
0.08772706985473633
0.050791025161743164
0.02819371223449707
0.016431570053100586
0.004030704498291016
0.003002166748046875
0.0019969940185546875
0.0020029544830322266
0.0
0.02693915367126465
0.027132749557495117
0.11856985092163086
0.05228853225708008
0.1188201904296875
0.12346458435058594
0.07598733901977539
0.05259990692138672
0.1050269603729248
0.06028866767883301
0.08428049087524414
0.1222541332244873
0.08237385749816895
0.06105184555053711
0.04703211784362793
0.05007290840148926
0.11543679237365723
0.13988876342773438
0.08398246765136719
0.04844355583190918
0.20473313331604004
0.1213996410369873
0.06984758377075195
0.06146597862243652
0.05313682556152344
0.028984546661376953
0.002004384994506836
0.0010616779327392578
0.0010139942169189453
0.0
0.0239105224609375
0.11483621597290039
0.0965428352355957
0.13207507133483887
0.07487082481384277
0.1106414794921875
0.0720064640045166
0.07827448844909668
0.2492074966430664
0.48072052001953125
0.11038923263549805
0.10490846633911133
0.20237326622009277
0.20002269744873047
0.23095011711120605
0.05666065216064453
0.2773630619049072
0.12570738792419434
0.11606788635253906
0.10505390167236328
0.09058427810668945
0.08950495719909668
0.08589506149291992
0.0704653263092041
0.052541494369506836
0.04015326499938965
0.013529539108276367
0.012898921966552734
0.0028510093688964844
0.0009999275207519531
0.0
0.029633283615112305
0.05977821350097656
0.050641536712646484
0.023839473724365234
0.06350231170654297
0.09924697875976562
0.30019116401672363
0.2792537212371826
0.9389123916625977
0.39076948165893555
0.48104023933410645
0.3849754333496094
0.29575037956237793
0.3968057632446289
0.4260883331298828
0.2627990245819092
0.3690922260284424
0.3416862487792969
0.2117764949798584
0.12142562866210938
0.07909750938415527
0.08191490173339844
0.03263378143310547
0.045271873474121094
0.04865908622741699
0.013999462127685547
0.0173947811126709
0.0025069713592529297
0.001024007797241211
0.024774551391601562
0.11621856689453125
0.21613264083862305
0.0272219181060791
0.024776697158813477
0.04116559028625488
0.04411625862121582
0.05745267868041992
0.056693315505981445
0.07769227027893066
0.0654592514038086
0.16294312477111816
0.14791321754455566
0.13500237464904785
0.254138708114624
0.22565078735351562
0.19913840293884277
0.17858147621154785
0.06552290916442871
0.017108917236328125
0.03037858009338379
0.04750800132751465
0.03447389602661133
0.024782657623291016
0.04990792274475098
0.015593528747558594
0.015566349029541016
0.004021167755126953
0.0010216236114501953
0.0
0.02488422393798828
0.029436826705932617
0.10689091682434082
0.1513960361480713
0.144212007522583
0.20373129844665527
0.09093070030212402
0.09663105010986328
0.20542287826538086
0.22481465339660645
0.2223043441772461
0.19876599311828613
0.11840224266052246
0.21743178367614746
0.19804620742797852
0.11138629913330078
0.11062359809875488
0.10758113861083984
0.07132744789123535
0.08653545379638672
0.06026864051818848
0.035608768463134766
0.011005640029907227
0.021853923797607422
0.020227432250976562
0.024732351303100586
0.020344257354736328
0.007049560546875
0.0014989376068115234
0.0
0.02260589599609375
0.11250615119934082
0.22821044921875
0.10800313949584961
0.08236002922058105
0.09337806701660156
0.07092118263244629
0.13448500633239746
0.09424686431884766
0.07780742645263672
0.22705340385437012
0.10491251945495605
0.05062460899353027
0.046025991439819336
0.058959245681762695
0.10251927375793457
0.12494587898254395
0.18876171112060547
0.15826845169067383
0.19441819190979004
0.17297983169555664
0.04158926010131836
0.04908895492553711
0.022233009338378906
0.02887582778930664
0.03240370750427246
0.015114784240722656
0.0063343048095703125
0.0015947818756103516
0.02571702003479004
0.12111997604370117
0.14831209182739258
0.07010531425476074
0.024105548858642578
0.0782625675201416
0.09391021728515625
0.08303093910217285
0.03010272979736328
0.1711406707763672
0.1164700984954834
0.09475588798522949
0.19132375717163086
0.17966389656066895
0.2924036979675293
0.27126336097717285
0.17494416236877441
0.24090838432312012
0.19178318977355957
0.14746999740600586
0.12644624710083008
0.08868074417114258
0.14193201065063477
0.10089373588562012
0.09428191184997559
0.06167030334472656
0.07039117813110352
0.03615903854370117
0.01661968231201172
0.0020034313201904297
0.0034775733947753906
0.0
0.0010001659393310547
0.022602319717407227
0.029234647750854492
0.10523104667663574
0.11716771125793457
0.08300399780273438
0.10965728759765625
0.09433174133300781
0.24183154106140137
0.08618450164794922
0.1331005096435547
0.2073218822479248
0.12239503860473633
0.10667943954467773
0.12758398056030273
0.014018058776855469
0.03223848342895508
0.05414080619812012
0.14063000679016113
0.10164189338684082
0.0657496452331543
0.029452800750732422
0.028772592544555664
0.0467526912689209
0.02864360809326172
0.016582965850830078
0.005142688751220703
0.0009982585906982422
0.0
0.0
0.023991823196411133
0.11266255378723145
0.11655402183532715
0.014122486114501953
0.19976449012756348
0.1556262969970703
0.15508174896240234
0.17299747467041016
0.4832935333251953
0.6524279117584229
0.4020514488220215
0.2957444190979004
0.06300759315490723
0.12379956245422363
0.19053888320922852
0.11543059349060059
0.09595704078674316
0.04303383827209473
0.029204368591308594
0.04324841499328613
0.041019439697265625
0.04099392890930176
0.03103351593017578
0.025580406188964844
0.028057098388671875
0.014104843139648438
0.006185770034790039
0.0050089359283447266
0.0030295848846435547
0.0005452632904052734
0.027825117111206055
0.06062960624694824
0.03676033020019531
0.11848115921020508
0.18494582176208496
0.2094430923461914
0.18885064125061035
0.12212657928466797
0.2875533103942871
0.21599531173706055
0.21812772750854492
0.37836408615112305
0.3188807964324951
0.21633386611938477
0.3153955936431885
0.21926617622375488
0.14841961860656738
0.11029696464538574
0.07613039016723633
0.11837077140808105
0.07856631278991699
0.09879732131958008
0.10873126983642578
0.06152486801147461
0.05046272277832031
0.009650230407714844
0.006644487380981445
0.003409147262573242
0.0020742416381835938
0.0
0.0010008811950683594
0.0246584415435791
0.14677071571350098
0.16707992553710938
0.07329702377319336
0.3587148189544678
0.060126304626464844
0.06381893157958984
0.07349085807800293
0.043057918548583984
0.06486105918884277
0.07790946960449219
0.021749019622802734
0.05489015579223633
0.30150341987609863
0.26062893867492676
0.3237752914428711
0.17003583908081055
0.11975407600402832
0.08039331436157227
0.10274028778076172
0.142608642578125
0.18273615837097168
0.1977829933166504
0.10103845596313477
0.08868932723999023
0.02191758155822754
0.033522844314575195
0.0070269107818603516
0.0020093917846679688
0.0
0.0
0.023651599884033203
0.10715770721435547
0.153228759765625
0.15517783164978027
0.2771306037902832
0.27069878578186035
0.14397454261779785
0.2297375202178955
0.3011951446533203
0.13910174369812012
0.09018254280090332
0.26761841773986816
0.18349766731262207
0.10131549835205078
0.2822284698486328
0.07468032836914062
0.052040815353393555
0.056633710861206055
0.050988197326660156
0.011296272277832031
0.015735864639282227
0.011840105056762695
0.017417192459106445
0.04108428955078125
0.01200413703918457
0.0027158260345458984
0.0003185272216796875
0.0
0.0009987354278564453
0.02343153953552246
0.10967850685119629
0.09194517135620117
0.11279940605163574
0.07548856735229492
0.09637999534606934
0.10486936569213867
0.1885693073272705
0.07880687713623047
0.05301833152770996
0.09277629852294922
0.08991670608520508
0.03889751434326172
0.13907408714294434
0.08341526985168457
0.13317513465881348
0.19794988632202148
0.3520810604095459
0.31837964057922363
0.16252708435058594
0.1582355499267578
0.06031608581542969
0.057996273040771484
0.05210113525390625
0.04842638969421387
0.02089524269104004
0.004133462905883789
0.002000093460083008
0.0027875900268554688
0.00039386749267578125
0.026221752166748047
0.027844667434692383
0.1654658317565918
0.0866231918334961
0.1226043701171875
0.22998714447021484
0.2873036861419678
0.18915176391601562
0.12173986434936523
0.1925969123840332
0.33768701553344727
0.09620523452758789
0.19098520278930664
0.342374324798584
0.3498528003692627
0.2730600833892822
0.23697185516357422
0.17696094512939453
0.07044291496276855
0.0482332706451416
0.08270835876464844
0.09299206733703613
0.0404667854309082
0.18782353401184082
0.055464744567871094
0.08202791213989258
0.08208060264587402
0.04113125801086426
0.00914311408996582
0.003958702087402344
0.0010364055633544922
0.0005161762237548828
0.024561405181884766
0.1104574203491211
0.16565155982971191
0.11391472816467285
0.14633989334106445
0.09306097030639648
0.13372039794921875
0.09924530982971191
0.2890336513519287
0.15014863014221191
0.11036133766174316
0.15850520133972168
0.2969827651977539
0.2724950313568115
0.267808198928833
0.20253920555114746
0.05427074432373047
0.14263081550598145
0.09655880928039551
0.15985488891601562
0.1212005615234375
0.1776118278503418
0.0737755298614502
0.08816218376159668
0.09526443481445312
0.04769635200500488
0.01638936996459961
0.0044820308685302734
0.002822399139404297
0.0010766983032226562
0.023061513900756836
0.02456355094909668
0.20667409896850586
0.10536718368530273
0.15987420082092285
0.14501190185546875
0.1872386932373047
0.48020315170288086
0.3669769763946533
0.27477240562438965
0.41622352600097656
0.3294060230255127
0.38152360916137695
0.33376193046569824
0.10665583610534668
0.10495471954345703
0.11337518692016602
0.07385373115539551
0.05898284912109375
0.03277778625488281
0.041004180908203125
0.01912999153137207
0.016312360763549805
0.028611421585083008
0.02751779556274414
0.03943228721618652
0.03509116172790527
0.012657642364501953
0.004001140594482422
0.0
0.02503061294555664
0.027904987335205078
0.12132382392883301
0.29709935188293457
0.2158212661743164
0.5238149166107178
0.3190138339996338
0.5220024585723877
0.36721014976501465
0.2714240550994873
0.14671659469604492
0.32884693145751953
0.22948956489562988
0.22630047798156738
0.20595860481262207
0.1969914436340332
0.17673587799072266
0.1698155403137207
0.19405078887939453
0.10813641548156738
0.1326758861541748
0.11432337760925293
0.09157156944274902
0.07392477989196777
0.03150796890258789
0.01859569549560547
0.014313220977783203
0.00606846809387207
0.0020093917846679688
0.0010030269622802734
0.0
0.023360490798950195
0.11379885673522949
0.17268705368041992
0.11864733695983887
0.15809035301208496
0.16120648384094238
0.24824881553649902
0.40859365463256836
0.3459179401397705
0.5433392524719238
0.4103050231933594
0.3886563777923584
0.027892112731933594
0.11852550506591797
0.15793657302856445
0.11645269393920898
0.14333200454711914
0.03824734687805176
0.12696576118469238
0.0435338020324707
0.05348062515258789
0.02024531364440918
0.020069599151611328
0.0553131103515625
0.044309139251708984
0.036579132080078125
0.014583587646484375
0.003999233245849609
0.0013492107391357422
0.0013260841369628906
0.0247194766998291
0.11278963088989258
0.15420222282409668
0.11457562446594238
0.07595562934875488
0.15266847610473633
0.13802719116210938
0.12162399291992188
0.14431285858154297
0.24018001556396484
0.21498703956604004
0.25293469429016113
0.47823286056518555
0.35052037239074707
0.20123600959777832
0.14910483360290527
0.19530916213989258
0.06541705131530762
0.09059882164001465
0.0978994369506836
0.10302138328552246
0.08427238464355469
0.08600044250488281
0.06541752815246582
0.0355677604675293
0.036582231521606445
0.019188404083251953
0.0020051002502441406
0.0019941329956054688
0.0009999275207519531
0.0
0.02419114112854004
0.025681734085083008
0.127485990524292
0.16296601295471191
0.1694505214691162
0.16827797889709473
0.20986723899841309
0.09681177139282227
0.16809701919555664
0.16360187530517578
0.26592493057250977
0.4938061237335205
0.22644758224487305
0.09294843673706055
0.165818452835083
0.18766283988952637
0.1305680274963379
0.11060166358947754
0.07150626182556152
0.0640108585357666
0.07916736602783203
0.054746150970458984
0.0490567684173584
0.07830977439880371
0.05654454231262207
0.0267488956451416
0.0036695003509521484
0.0018994808197021484
0.0020253658294677734
0.0004999637603759766
0.024398088455200195
0.1509697437286377
0.10413074493408203
0.1231989860534668
0.250673770904541
0.2476799488067627
0.41736483573913574
0.22737765312194824
0.34787964820861816
0.4377012252807617
0.7360022068023682
0.8020367622375488
0.8676917552947998
0.5399115085601807
0.3807995319366455
0.2693817615509033
0.20948076248168945
0.12928986549377441
0.003086566925048828
0.014382600784301758
0.11663222312927246
0.09677767753601074
0.13248753547668457
0.04024147987365723
0.06670498847961426
0.04291987419128418
0.00240325927734375
0.007452726364135742
0.0037665367126464844
0.0009982585906982422
0.03007793426513672
0.07983231544494629
0.12618684768676758
0.14392900466918945
0.07024574279785156
0.11928868293762207
0.2537503242492676
0.389171838760376
0.3174154758453369
0.577735185623169
0.21874046325683594
0.6280531883239746
1.1499669551849365
0.8390991687774658
0.801368236541748
1.4503602981567383
1.101043462753296
0.5451443195343018
0.2679121494293213
0.21488332748413086
0.1836705207824707
0.25843381881713867
0.17263436317443848
0.14597415924072266
0.057599544525146484
0.0714104175567627
0.01679396629333496
0.0031995773315429688
0.006715297698974609
0.0009999275207519531
0.060210227966308594
0.05837655067443848
0.49739694595336914
0.12422728538513184
0.23269295692443848
0.19194507598876953
0.4333162307739258
0.4316287040710449
0.17946743965148926
0.3429422378540039
0.2614104747772217
0.20891904830932617
0.24961256980895996
0.29293298721313477
0.24853229522705078
0.12111663818359375
0.04228806495666504
0.062371015548706055
0.06830763816833496
0.07697868347167969
0.11267614364624023
0.1490466594696045
0.04629039764404297
0.05163168907165527
0.16468334197998047
0.031182289123535156
0.011635065078735352
0.008047103881835938
0.0030319690704345703
0.0003707408905029297
0.0
0.04939842224121094
0.12790679931640625
0.1412677764892578
0.1136624813079834
0.19817137718200684
0.3684875965118408
0.37041664123535156
0.2295985221862793
0.18254327774047852
0.22951936721801758
0.38378167152404785
0.24984264373779297
0.3789527416229248
0.14101386070251465
0.0849609375
0.15642499923706055
0.17006731033325195
0.16192007064819336
0.07053089141845703
0.025847196578979492
0.05312633514404297
0.0482480525970459
0.06129956245422363
0.04068779945373535
0.03801679611206055
0.04032468795776367
0.012366056442260742
0.0029997825622558594
0.001428365707397461
0.0
0.027359485626220703
0.08694911003112793
0.16176271438598633
0.07346105575561523
0.0947885513305664
0.15696310997009277
0.4137911796569824
0.20479130744934082
0.27689599990844727
0.19156384468078613
0.3209257125854492
0.30758142471313477
0.5039346218109131
0.4093461036682129
0.43396687507629395
0.28118419647216797
0.1897592544555664
0.13922953605651855
0.16408467292785645
0.07168197631835938
0.11931037902832031
0.10070061683654785
0.05864405632019043
0.07688593864440918
0.0351872444152832
0.021012067794799805
0.016622066497802734
0.02066349983215332
0.009571075439453125
0.004956483840942383
0.0
0.04091906547546387
0.16686487197875977
0.16111087799072266
0.019151926040649414
0.28274011611938477
0.4914584159851074
0.30330395698547363
0.14977693557739258
0.20665693283081055
0.20390772819519043
0.2850348949432373
0.3249795436859131
0.11756300926208496
0.2986629009246826
0.4438591003417969
0.3100104331970215
0.28334879875183105
0.26607346534729004
0.21087145805358887
0.04769778251647949
0.04999494552612305
0.06315827369689941
0.030302047729492188
0.017779111862182617
0.07110786437988281
0.019568920135498047
0.013901948928833008
0.0030014514923095703
0.0010328292846679688
0.0010325908660888672
0.0004642009735107422
0.0215756893157959
0.12726163864135742
0.09451031684875488
0.12424135208129883
0.14860177040100098
0.06520438194274902
0.3174169063568115
0.4165966510772705
0.17587852478027344
0.35642266273498535
0.31889963150024414
0.39011144638061523
0.27794504165649414
0.3384127616882324
0.36658477783203125
0.4696309566497803
0.31763172149658203
0.17218875885009766
0.053414106369018555
0.13197803497314453
0.2102959156036377
0.19009804725646973
0.02772068977355957
0.01965475082397461
0.02190232276916504
0.009920597076416016
0.0060024261474609375
0.0009894371032714844
0.0010309219360351562
0.0
0.026935577392578125
0.11819148063659668
0.14560437202453613
0.09317398071289062
0.11561727523803711
0.11125397682189941
0.3062431812286377
0.36376190185546875
0.24573230743408203
0.21090936660766602
0.6157159805297852
0.18922019004821777
0.15290403366088867
0.12908220291137695
0.12989521026611328
0.12244868278503418
0.09467315673828125
0.0749051570892334
0.14087390899658203
0.049398183822631836
0.08217620849609375
0.06184792518615723
0.060545921325683594
0.03801465034484863
0.03391528129577637
0.015581846237182617
0.0029799938201904297
0.002178668975830078
0.0012466907501220703
0.00017189979553222656
0.03132367134094238
0.05742812156677246
0.1532890796661377
0.10025691986083984
0.13809752464294434
0.19411230087280273
0.24508881568908691
0.35949015617370605
0.27655768394470215
0.40636658668518066
0.9873936176300049
0.6628680229187012
0.46390318870544434
0.36559343338012695
0.19585013389587402
0.14178085327148438
0.08401036262512207
0.004151344299316406
0.06406378746032715
0.09412622451782227
0.1767256259918213
0.14483118057250977
0.23911809921264648
0.16487812995910645
0.11623930931091309
0.02496504783630371
0.003017902374267578
0.0015151500701904297
0.0010006427764892578
0.0003571510314941406
0.021344661712646484
0.05086231231689453
0.07764029502868652
0.14818286895751953
0.14049029350280762
0.21111249923706055
0.3194742202758789
0.252819299697876
0.350266695022583
0.23666763305664062
0.12172698974609375
0.10598993301391602
0.09007501602172852
0.036348819732666016
0.18070006370544434
0.032351016998291016
0.14035391807556152
0.12783145904541016
0.2561302185058594
0.48497915267944336
0.3457682132720947
0.2233738899230957
0.1966848373413086
0.29650259017944336
0.257709264755249
0.5135066509246826
0.8149518966674805
0.36669421195983887
0.39739251136779785
0.20554566383361816
0.12862348556518555
0.1024010181427002
0.1202850341796875
0.016522884368896484
0.04776263236999512
0.015762805938720703
0.04540824890136719
0.06360173225402832
0.13892030715942383
0.047530174255371094
0.03174304962158203
0.01062154769897461
0.008185625076293945
0.0009188652038574219
0.03882455825805664
0.03291487693786621
0.35643577575683594
0.1546630859375
0.23971772193908691
0.12275433540344238
0.1314094066619873
0.2548532485961914
0.10090804100036621
0.32389044761657715
0.25985002517700195
0.12401819229125977
0.1974043846130371
0.31870508193969727
0.26151442527770996
0.3238072395324707
0.15256285667419434
0.09912657737731934
0.13857793807983398
0.1486818790435791
0.16031861305236816
0.09478163719177246
0.04404497146606445
0.14815616607666016
0.0901494026184082
0.0449528694152832
0.01383352279663086
0.006997585296630859
0.0021898746490478516
0.03533339500427246
0.16913485527038574
0.1867809295654297
0.15387606620788574
0.16894221305847168
0.3478507995605469
0.3714165687561035
0.26939868927001953
0.3642709255218506
0.3498356342315674
0.601193904876709
0.5528311729431152
0.3679358959197998
0.5348596572875977
0.34627199172973633
0.12526798248291016
0.13647174835205078
0.12690377235412598
0.1340465545654297
0.10728216171264648
0.04563188552856445
0.03731226921081543
0.003378629684448242
0.05232715606689453
0.06177496910095215
0.03659677505493164
0.01231241226196289
0.00455164909362793
0.0030150413513183594
0.0009255409240722656
0.02718949317932129
0.02626514434814453
0.17758727073669434
0.21105313301086426
0.32174253463745117
0.35613465309143066
0.29711318016052246
0.25978779792785645
0.16459321975708008
0.4066030979156494
0.2689039707183838
0.3354663848876953
0.41632938385009766
0.3390777111053467
0.2924611568450928
0.18514680862426758
0.11944913864135742
0.07667922973632812
0.07184934616088867
0.09976601600646973
0.10086560249328613
0.1012423038482666
0.059439897537231445
0.04736924171447754
0.03519177436828613
0.03878331184387207
0.016098976135253906
0.014923572540283203
0.003214597702026367
0.0002651214599609375
0.0
0.0333247184753418
0.04180598258972168
0.24980854988098145
0.25768566131591797
0.17754793167114258
0.1867048740386963
0.17988276481628418
0.07752871513366699
0.07486200332641602
0.21816778182983398
0.2611997127532959
0.6394033432006836
0.5452108383178711
0.49708056449890137
0.1790626049041748
0.25220465660095215
0.13528847694396973
0.08809113502502441
0.11976766586303711
0.20144152641296387
0.23764753341674805
0.16114068031311035
0.07451343536376953
0.09414553642272949
0.06700873374938965
0.03970003128051758
0.008648872375488281
0.0029947757720947266
0.0010068416595458984
0.0009927749633789062
0.027334928512573242
0.16480207443237305
0.10362839698791504
0.06463050842285156
0.10329985618591309
0.22312402725219727
0.11741042137145996
0.5094013214111328
0.08849000930786133
0.3120138645172119
0.38748717308044434
0.2176048755645752
0.5324358940124512
0.531240701675415
0.6055822372436523
0.46766138076782227
0.36765527725219727
0.24322199821472168
0.04368281364440918
0.05235648155212402
0.08556628227233887
0.15981531143188477
0.026278257369995117
0.026493549346923828
0.005418300628662109
0.02908921241760254
0.11891460418701172
0.2094278335571289
0.21235871315002441
0.1711568832397461
0.32698488235473633
0.12073087692260742
0.18847274780273438
0.11326003074645996
0.2981555461883545
0.21707868576049805
0.26044487953186035
0.2332305908203125
0.20790672302246094
0.3611130714416504
0.39824700355529785
0.1423048973083496
0.06451416015625
0.23047184944152832
0.282712459564209
0.06580066680908203
0.12350845336914062
0.062418222427368164
0.08076047897338867
0.07128167152404785
0.026729822158813477
0.018231868743896484
0.0009853839874267578
0.003067493438720703
0.00029730796813964844
0.02739739418029785
0.03623080253601074
0.3979339599609375
0.15126466751098633
0.2932569980621338
0.36928343772888184
0.36522388458251953
0.22719287872314453
0.2159745693206787
0.6066694259643555
0.27652812004089355
0.3566312789916992
0.40471720695495605
0.2528703212738037
0.13172006607055664
0.17454981803894043
0.1193697452545166
0.07828116416931152
0.05891084671020508
0.035556793212890625
0.03551363945007324
0.054970741271972656
0.1310405731201172
0.028328895568847656
0.0552980899810791
0.04326629638671875
0.013036489486694336
0.008427619934082031
0.0005011558532714844
0.0010194778442382812
0.03431558609008789
0.17854642868041992
0.18749570846557617
0.04294633865356445
0.11623048782348633
0.10552096366882324
0.07414937019348145
0.08197188377380371
0.4233722686767578
0.5969381332397461
0.9836654663085938
0.5623276233673096
0.38868141174316406
0.31528401374816895
0.38156747817993164
0.19405198097229004
0.17098450660705566
0.2038407325744629
0.09335064888000488
0.07646822929382324
0.07265782356262207
0.141709566116333
0.11421895027160645
0.06360626220703125
0.08328509330749512
0.09609055519104004
0.035085201263427734
0.01909470558166504
0.0023839473724365234
0.0
0.028652429580688477
0.14960694313049316
0.2364046573638916
0.05371999740600586
0.723726749420166
0.15698647499084473
0.06375956535339355
0.1277446746826172
0.4360828399658203
0.1434943675994873
0.36348867416381836
0.22332119941711426
0.2182905673980713
0.0535888671875
0.13336825370788574
0.201338529586792
0.17657709121704102
0.0800933837890625
0.0746011734008789
0.0516965389251709
0.12376832962036133
0.07106590270996094
0.04617023468017578
0.03272271156311035
0.03329277038574219
0.026790380477905273
0.005934953689575195
0.0009975433349609375
0.0
0.03840208053588867
0.03278088569641113
0.23843717575073242
0.1954183578491211
0.041110992431640625
0.11016702651977539
0.3174302577972412
0.503551721572876
0.28769731521606445
0.41510772705078125
0.15074920654296875
0.17313861846923828
0.13966655731201172
0.19170355796813965
0.21409273147583008
0.28610944747924805
0.24281764030456543
0.27743983268737793
0.1552743911743164
0.13176178932189941
0.14137697219848633
0.17863750457763672
0.18030238151550293
0.08012795448303223
0.04770302772521973
0.03932619094848633
0.025197982788085938
0.008937597274780273
0.005926609039306641
0.0009531974792480469
0.0
0.037526845932006836
0.16323351860046387
0.4022800922393799
0.05666708946228027
0.05245041847229004
0.08487772941589355
0.0937795639038086
0.1195058822631836
0.10364603996276855
0.13286590576171875
0.11321902275085449
0.2721567153930664
0.345611572265625
0.24279427528381348
0.9584438800811768
0.8074636459350586
0.37386441230773926
0.1415393352508545
0.08069396018981934
0.07848691940307617
0.10442185401916504
0.09330368041992188
0.07771682739257812
0.07027626037597656
0.07236981391906738
0.03785514831542969
0.018618345260620117
0.019287824630737305
0.0051271915435791016
0.001135110855102539
0.03472495079040527
0.16548609733581543
0.33410072326660156
0.05307817459106445
0.2236499786376953
0.20788192749023438
0.16399860382080078
0.3747520446777344
0.21403741836547852
0.33899569511413574
0.5784358978271484
0.30844616889953613
0.27089858055114746
0.29137301445007324
0.3412895202636719
0.17574310302734375
0.17722773551940918
0.0916142463684082
0.07448530197143555
0.06382608413696289
0.05050039291381836
0.0854499340057373
0.05519819259643555
0.053821563720703125
0.04476356506347656
0.013069629669189453
0.019182920455932617
0.005539417266845703
0.0012900829315185547
0.0016016960144042969
0.027940750122070312
0.04335379600524902
0.35092639923095703
0.2331557273864746
0.3605501651763916
0.5223126411437988
0.20900344848632812
0.5809545516967773
0.32303571701049805
0.25490474700927734
0.27201294898986816
0.21861600875854492
0.36211633682250977
0.6351678371429443
0.3978617191314697
0.24909663200378418
0.20250225067138672
0.158005952835083
0.10541319847106934
0.10420584678649902
0.12435555458068848
0.05248689651489258
0.02382946014404297
0.03480100631713867
0.03509211540222168
0.028555631637573242
0.022879600524902344
0.019798994064331055
0.005162239074707031
0.002001523971557617
0.0
0.034017324447631836
0.15305685997009277
0.08418917655944824
0.11126542091369629
0.07424235343933105
0.1228487491607666
0.2875199317932129
0.19025778770446777
0.29475855827331543
0.5876843929290771
0.5343189239501953
0.3843655586242676
0.3971683979034424
0.29367995262145996
0.3056619167327881
0.2153477668762207
0.04320788383483887
0.03650403022766113
0.13216853141784668
0.10119104385375977
0.09285998344421387
0.2224433422088623
0.1478099822998047
0.1106414794921875
0.061461448669433594
0.10492420196533203
0.023079633712768555
0.012379646301269531
0.0009434223175048828
0.001608133316040039
0.0258481502532959
0.1430985927581787
0.12704253196716309
0.1068272590637207
0.04726696014404297
0.1751399040222168
0.5481071472167969
0.24168825149536133
0.19737625122070312
0.16251707077026367
0.6858792304992676
0.5187628269195557
0.43627500534057617
0.33123087882995605
0.20615458488464355
0.27480196952819824
0.1803596019744873
0.15039467811584473
0.05957913398742676
0.18608951568603516
0.07081937789916992
0.03286910057067871
0.0878605842590332
0.08041930198669434
0.03833913803100586
0.003687143325805664
0.008008480072021484
0.003021717071533203
0.0019998550415039062
0.0003991127014160156
0.03956246376037598
0.1612231731414795
0.17926406860351562
0.01900959014892578
0.0847015380859375
0.6580002307891846
0.22272968292236328
0.4502685070037842
0.48319029808044434
0.5221455097198486
0.0903315544128418
0.056633949279785156
0.2569456100463867
0.1258862018585205
0.2630269527435303
0.2016315460205078
0.42147374153137207
0.24652719497680664
0.2392897605895996
0.23172831535339355
0.1830141544342041
0.22897624969482422
0.27924275398254395
0.13323211669921875
0.08498573303222656
0.07898855209350586
0.056414127349853516
0.04976177215576172
0.02000284194946289
0.002070188522338867
0.0009338855743408203
0.0
0.03208780288696289
0.05899190902709961
0.11944770812988281
0.15353679656982422
0.24183988571166992
0.3740668296813965
0.5511658191680908
0.32599616050720215
0.18465232849121094
0.242218017578125
0.4318199157714844
0.23849987983703613
0.11929011344909668
0.23021292686462402
0.17578387260437012
0.35999035835266113
0.20539617538452148
0.31375932693481445
0.22146272659301758
0.11119842529296875
0.13386988639831543
0.10393714904785156
0.03983879089355469
0.07058954238891602
0.06346631050109863
0.04332256317138672
0.019884824752807617
0.010069608688354492
0.0011827945709228516
0.0
0.03132319450378418
0.034243106842041016
0.15694594383239746
0.16916537284851074
0.3052027225494385
0.4475064277648926
0.5964493751525879
0.12411069869995117
0.2623322010040283
0.29383182525634766
0.15220379829406738
0.6099340915679932
0.47973060607910156
0.38247227668762207
0.3394284248352051
0.30140018463134766
0.4132213592529297
0.1631474494934082
0.15925240516662598
0.19121170043945312
0.10802435874938965
0.048792362213134766
0.09541177749633789
0.03898882865905762
0.11705875396728516
0.10274767875671387
0.05094432830810547
0.015178680419921875
0.004818916320800781
0.0005018711090087891
0.0004684925079345703
0.03383612632751465
0.16906309127807617
0.2365245819091797
0.1676342487335205
0.11640095710754395
0.5317161083221436
1.4490065574645996
0.6589477062225342
0.7882521152496338
1.0059208869934082
0.7385060787200928
0.5885167121887207
0.6034996509552002
0.6592543125152588
0.4138829708099365
0.16099023818969727
0.12485599517822266
0.0609126091003418
0.17824554443359375
0.08249187469482422
0.040587425231933594
0.04997134208679199
0.048479318618774414
0.041307687759399414
0.020946025848388672
0.053640127182006836
0.016999483108520508
0.0049898624420166016
0.0015861988067626953
0.001024484634399414
0.025015830993652344
0.024272918701171875
0.226365327835083
0.2838723659515381
0.09105467796325684
0.058531999588012695
0.09101223945617676
0.2819223403930664
0.3898892402648926
0.14831328392028809
0.07964873313903809
0.08383941650390625
0.34513378143310547
0.20538783073425293
0.20212125778198242
0.21020865440368652
0.09821796417236328
0.20737528800964355
0.1668715476989746
0.1280355453491211
0.07490301132202148
0.015032768249511719
0.033254146575927734
0.061286211013793945
0.035332441329956055
0.028929710388183594
0.0066874027252197266
0.008056402206420898
0.0013184547424316406
0.0008308887481689453
0.03408312797546387
0.06323814392089844
0.12070941925048828
0.15313959121704102
0.37436652183532715
0.4070587158203125
0.7366776466369629
0.36109280586242676
0.08707571029663086
0.02271127700805664
0.39095020294189453
0.3985779285430908
0.4098696708679199
0.35784912109375
0.23305177688598633
0.2935049533843994
0.24651074409484863
0.18294262886047363
0.14367985725402832
0.17115497589111328
0.07327127456665039
0.0907127857208252
0.09012937545776367
0.11112666130065918
0.09894227981567383
0.05125784873962402
0.026569843292236328
0.0032765865325927734
0.006058931350708008
0.0009784698486328125
0.0024497509002685547
0.0008935928344726562
0.029410362243652344
0.025684356689453125
0.2717740535736084
0.26343297958374023
0.266613245010376
0.4058825969696045
0.37219810485839844
0.4306154251098633
0.19987201690673828
0.5620982646942139
0.24324774742126465
0.3742561340332031
0.42318058013916016
0.07932806015014648
0.09742116928100586
0.23170042037963867
0.16898298263549805
0.11902904510498047
0.13582205772399902
0.10735535621643066
0.12084555625915527
0.12550044059753418
0.1036219596862793
0.0743710994720459
0.05699563026428223
0.028758525848388672
0.004046440124511719
0.0007882118225097656
0.001039743423461914
0.021434783935546875
0.0928199291229248
0.07515621185302734
0.0991513729095459
0.18848443031311035
0.10241317749023438
0.29984164237976074
0.23211073875427246
0.24155354499816895
0.24739718437194824
0.2544095516204834
0.2548527717590332
0.13669586181640625
0.027329444885253906
0.08644437789916992
0.16766881942749023
0.1766669750213623
0.09729862213134766
0.19176101684570312
0.20447897911071777
0.14301180839538574
0.14011359214782715
0.04163932800292969
0.03035902976989746
0.0767369270324707
0.01608562469482422
0.006034135818481445
0.006091594696044922
0.0015172958374023438
0.024704694747924805
0.04411196708679199
0.1109473705291748
0.04347658157348633
0.0746312141418457
0.203765869140625
0.28305935859680176
0.35013365745544434
0.32103681564331055
0.3256397247314453
0.20296335220336914
0.10518431663513184
0.19936156272888184
0.18039965629577637
0.07303190231323242
0.029332876205444336
0.07196354866027832
0.027804851531982422
0.04822254180908203
0.10126066207885742
0.0753622055053711
0.022505521774291992
0.025334835052490234
0.027040958404541016
0.0761423110961914
0.05594754219055176
0.010214805603027344
0.0010004043579101562
0.00011682510375976562
0.0008709430694580078
