0.13830876350402832
0.21650147438049316
2.1248936653137207
3.5027806758880615
5.068730354309082
4.267251253128052
2.4493017196655273
3.2625973224639893
3.6128528118133545
1.8438053131103516
2.4137325286865234
2.716003894805908
0.8368570804595947
0.17104578018188477
0.16438055038452148
1.8089017868041992
1.5783426761627197
2.739377975463867
2.4560863971710205
1.7015495300292969
1.5065913200378418
1.369417667388916
0.8640470504760742
0.43349218368530273
0.1974034309387207
0.19571876525878906
0.04616999626159668
0.015058755874633789
0.0030260086059570312
0.0010058879852294922
0.15084075927734375
0.18245935440063477
1.8369865417480469
1.257580041885376
2.576632261276245
2.0933568477630615
2.2327322959899902
2.7867822647094727
5.987364768981934
7.679951906204224
3.80983567237854
2.5948879718780518
2.2294437885284424
1.8819491863250732
0.921165943145752
1.668452501296997
2.6690051555633545
0.9189245700836182
0.41539788246154785
0.610335111618042
0.7931513786315918
0.6127755641937256
0.39266395568847656
0.24017548561096191
0.16386985778808594
0.09921836853027344
0.01523900032043457
0.012985467910766602
0.0015513896942138672
0.0007128715515136719
0.0005004405975341797
0.10813093185424805
0.9525723457336426
1.3117237091064453
2.0591142177581787
0.12069487571716309
0.23995566368103027
0.3496971130371094
0.2969191074371338
0.09568953514099121
0.7842459678649902
1.3456196784973145
2.508754014968872
4.066152811050415
1.4664959907531738
0.6290183067321777
0.4383077621459961
0.19625234603881836
0.9112696647644043
0.5141444206237793
0.47699499130249023
0.36344385147094727
0.3358039855957031
0.2263779640197754
0.2808654308319092
0.22909975051879883
0.23024702072143555
0.07171106338500977
0.043479204177856445
0.007453441619873047
0.002003908157348633
0.0
0.10580182075500488
0.13935303688049316
1.8394393920898438
1.4354453086853027
0.1822068691253662
1.8501784801483154
3.6077985763549805
2.0228896141052246
1.4516456127166748
1.2360939979553223
0.6711571216583252
3.4058172702789307
1.2881896495819092
2.7458105087280273
3.5620474815368652
0.8510909080505371
0.6511294841766357
0.9254415035247803
0.6024963855743408
1.2252941131591797
0.9442589282989502
1.0599582195281982
0.6320590972900391
0.8801248073577881
0.7731621265411377
0.2437129020690918
0.08710718154907227
0.03118276596069336
0.0046405792236328125
0.0009999275207519531
0.13281035423278809
1.5617482662200928
2.4818460941314697
1.2626707553863525
0.8756322860717773
1.0886268615722656
1.3451592922210693
2.1026337146759033
1.2711341381072998
1.2074525356292725
1.4405505657196045
1.0274453163146973
3.6677017211914062
1.9906187057495117
1.3502893447875977
0.8233094215393066
0.6116714477539062
0.6509058475494385
0.34478259086608887
0.2115485668182373
0.27437758445739746
0.14784693717956543
0.7039906978607178
0.15543746948242188
0.07338070869445801
0.014974832534790039
0.007452249526977539
0.0013124942779541016
0.003960371017456055
0.0010116100311279297
0.12880825996398926
1.289287805557251
3.1790969371795654
3.1076531410217285
3.4057846069335938
3.725569009780884
3.543813943862915
1.3543980121612549
2.6954925060272217
6.827162265777588
6.882962942123413
6.588104009628296
1.8372726440429688
3.2001731395721436
1.761655569076538
0.5995798110961914
0.8581700325012207
0.34360599517822266
0.5866830348968506
0.1495826244354248
0.10199904441833496
0.3126969337463379
0.4265248775482178
0.2741262912750244
0.43639111518859863
0.12788009643554688
0.07702112197875977
0.007760524749755859
0.001991748809814453
0.0010023117065429688
0.0
0.11290740966796875
0.1426379680633545
0.8304710388183594
0.7817397117614746
1.1776211261749268
2.3292236328125
2.800442934036255
1.8042168617248535
0.6691563129425049
0.3212270736694336
1.7886898517608643
2.4262208938598633
1.5591509342193604
2.7519142627716064
1.4969406127929688
2.7074413299560547
0.8079423904418945
0.7896711826324463
0.3814857006072998
0.5131986141204834
0.7340183258056641
0.827251672744751
0.8260519504547119
0.28081798553466797
0.5854213237762451
0.2707827091217041
0.010828018188476562
0.004107475280761719
0.0009992122650146484
0.0
0.10179662704467773
0.12951445579528809
2.2735676765441895
0.3298451900482178
0.8407080173492432
1.6611340045928955
1.4715936183929443
1.185457468032837
3.056377649307251
1.2391343116760254
3.2617902755737305
3.8734676837921143
2.3320064544677734
2.2452571392059326
1.3892993927001953
1.0284204483032227
0.3873581886291504
0.24925565719604492
0.7393109798431396
0.5713691711425781
0.4405210018157959
0.49591970443725586
0.3857147693634033
0.5537374019622803
0.1697394847869873
0.22311663627624512
0.12641000747680664
0.012826919555664062
0.006794452667236328
0.002507925033569336
0.13700628280639648
1.1464500427246094
1.3990328311920166
1.4999041557312012
0.32492613792419434
4.8279502391815186
2.363497018814087
0.4235858917236328
4.183429718017578
0.19648122787475586
6.399113655090332
4.348453998565674
4.296457052230835
1.5208046436309814
0.7842466831207275
1.141373634338379
1.5895872116088867
0.6661472320556641
0.12148237228393555
0.23017406463623047
0.5549254417419434
0.5912435054779053
0.5849239826202393
0.5213708877563477
0.2361280918121338
0.1555013656616211
0.059180498123168945
0.005528688430786133
0.0009903907775878906
0.0015528202056884766
0.11605548858642578
1.0944209098815918
1.8109369277954102
4.734271049499512
3.0965404510498047
1.0460937023162842
0.6268937587738037
1.0322637557983398
0.5007257461547852
0.8007190227508545
1.6819117069244385
2.138868570327759
0.8440244197845459
0.6313824653625488
0.6451869010925293
1.888298511505127
0.9985060691833496
0.8110954761505127
0.48105645179748535
0.19193124771118164
0.35224199295043945
0.6203398704528809
0.8044612407684326
0.18930768966674805
0.23297119140625
0.10046839714050293
0.10231590270996094
0.05465245246887207
0.0069158077239990234
0.01170659065246582
0.002995729446411133
0.0
0.0
0.11456036567687988
0.11827301979064941
1.6142210960388184
1.5803494453430176
3.3489558696746826
1.1961712837219238
6.24005126953125
4.926373481750488
3.8402278423309326
4.2027747631073
2.1301448345184326
1.3370628356933594
2.9896514415740967
0.889275312423706
2.0196890830993652
3.015549898147583
2.0656681060791016
1.0849568843841553
1.1084191799163818
1.4528183937072754
1.199770212173462
1.1821708679199219
1.3280699253082275
0.2179431915283203
0.5640418529510498
0.01757502555847168
0.009063482284545898
0.012875556945800781
0.00644373893737793
0.0006277561187744141
0.12609648704528809
0.1400299072265625
1.9115180969238281
1.2845518589019775
3.0919017791748047
2.20377779006958
4.904351472854614
3.9930992126464844
3.17714262008667
3.5998284816741943
2.6300220489501953
0.9479966163635254
2.2378242015838623
0.6966946125030518
0.877032995223999
0.652108907699585
0.833345890045166
0.6444847583770752
0.1762833595275879
0.6590580940246582
1.499495267868042
1.5497207641601562
0.8963756561279297
0.23899459838867188
0.16487932205200195
0.04038238525390625
0.014136791229248047
0.008815288543701172
0.0029959678649902344
0.0004992485046386719
0.11045646667480469
0.4687368869781494
0.9732310771942139
2.003687858581543
0.9010732173919678
7.420183897018433
7.232489824295044
7.967011451721191
4.2235496044158936
3.756725549697876
1.7008581161499023
1.4148633480072021
1.7298576831817627
0.9764082431793213
0.9817996025085449
0.6615176200866699
0.9750518798828125
0.46141648292541504
0.31507420539855957
0.5390303134918213
0.7004609107971191
0.9585556983947754
0.3031949996948242
0.7537417411804199
0.5719053745269775
0.3312685489654541
0.04895424842834473
0.029035091400146484
0.0018486976623535156
0.0004987716674804688
0.18079423904418945
0.18817520141601562
2.8743791580200195
0.09790563583374023
0.08395624160766602
0.12832927703857422
0.14428162574768066
0.4356238842010498
0.054334402084350586
0.025792598724365234
0.3447732925415039
6.975949764251709
5.913367509841919
1.8985161781311035
4.212969064712524
2.3005030155181885
2.352169990539551
1.728487253189087
1.6762995719909668
1.2192728519439697
1.23136305809021
1.7593104839324951
0.6776590347290039
0.47714996337890625
0.2604503631591797
0.7536873817443848
0.2524724006652832
0.05759382247924805
0.019461393356323242
0.007654666900634766
0.0042798519134521484
0.11095476150512695
0.13327383995056152
1.9351541996002197
2.509225606918335
1.8228724002838135
1.4578595161437988
4.89968729019165
4.253988742828369
2.28836727142334
1.7978472709655762
2.4476611614227295
3.078451633453369
2.5119330883026123
2.213059186935425
1.679511547088623
0.9184665679931641
0.6217460632324219
0.4220113754272461
0.7255978584289551
0.39311790466308594
0.6274290084838867
0.3059654235839844
0.19226908683776855
0.17944741249084473
0.16316437721252441
0.06890177726745605
0.02912282943725586
0.01394963264465332
0.0011110305786132812
0.0
0.0009999275207519531
0.1529402732849121
0.18272757530212402
1.5781757831573486
0.9188616275787354
2.428363800048828
5.271340370178223
4.540219783782959
7.847726345062256
5.705279111862183
2.6676058769226074
4.128110885620117
1.3381094932556152
0.7122697830200195
0.5111496448516846
1.5698041915893555
1.459345817565918
0.6863539218902588
0.5634489059448242
0.5929412841796875
0.4550342559814453
0.43343639373779297
0.3148159980773926
0.46135759353637695
0.09795427322387695
0.0385279655456543
0.019756317138671875
0.026335477828979492
0.007572174072265625
0.0032057762145996094
0.001071929931640625
0.10662174224853516
0.19765806198120117
3.4911751747131348
0.651827335357666
1.7078616619110107
0.3160269260406494
0.03731703758239746
0.18474388122558594
0.39429569244384766
5.635685682296753
5.3304359912872314
3.273890495300293
1.909336805343628
4.200501441955566
0.9473381042480469
1.4656028747558594
1.4210188388824463
1.505295991897583
2.2562198638916016
0.8993561267852783
0.6855373382568359
0.548713207244873
0.1585254669189453
0.2073817253112793
0.19439125061035156
0.09194564819335938
0.02030467987060547
0.008025407791137695
0.001577615737915039
0.0003974437713623047
0.13127756118774414
0.16572022438049316
2.1785647869110107
2.9076485633850098
1.7320141792297363
2.925898551940918
1.9532513618469238
2.631459951400757
2.0533721446990967
3.7020461559295654
1.3505263328552246
2.043276786804199
1.4449434280395508
1.4863336086273193
1.8493475914001465
0.9755275249481201
1.3439280986785889
0.4808478355407715
0.44112491607666016
0.3303852081298828
0.5515210628509521
0.3010540008544922
0.30338621139526367
0.2581155300140381
0.39633774757385254
0.18667125701904297
0.14342617988586426
0.056940317153930664
0.007857799530029297
0.001999378204345703
0.0
0.12540888786315918
0.1544806957244873
2.100536346435547
5.855233430862427
3.0477914810180664
4.143501281738281
8.65211033821106
9.746941089630127
1.0532383918762207
1.6540231704711914
2.3770551681518555
2.025390386581421
2.9803028106689453
4.5030436515808105
2.782726287841797
1.0950305461883545
0.9924192428588867
0.7899188995361328
0.3443882465362549
1.1481573581695557
1.2070345878601074
0.3598597049713135
0.455700159072876
0.2786743640899658
0.29294443130493164
0.03357291221618652
0.1089029312133789
0.006707906723022461
0.0011413097381591797
0.0010128021240234375
0.13609790802001953
0.40512824058532715
1.18229079246521
2.477552652359009
4.243570566177368
0.7082710266113281
0.18435049057006836
0.5679299831390381
0.17585110664367676
0.3116917610168457
0.8629906177520752
0.46254611015319824
2.184785842895508
4.346845626831055
3.4539425373077393
2.068319797515869
1.2140600681304932
2.3004415035247803
0.6841602325439453
0.4000699520111084
0.673621654510498
0.9564638137817383
0.34601497650146484
0.09247636795043945
0.15805339813232422
0.09488630294799805
0.04452109336853027
0.0033054351806640625
0.0009996891021728516
0.0009992122650146484
0.1003725528717041
0.13144230842590332
0.8872475624084473
0.913419246673584
0.11204051971435547
0.2070908546447754
0.05768871307373047
0.3338792324066162
0.2931053638458252
0.5494346618652344
2.467482805252075
1.5413262844085693
1.4148504734039307
2.782527446746826
2.4285483360290527
1.9328932762145996
0.9458551406860352
0.05259370803833008
0.6652538776397705
0.5142905712127686
0.4393792152404785
0.8550002574920654
0.7561016082763672
0.5929203033447266
0.26044678688049316
0.23190546035766602
0.16427302360534668
0.03274416923522949
0.0105133056640625
0.0009980201721191406
0.12195467948913574
0.44916391372680664
0.7757101058959961
2.9560203552246094
2.128518581390381
1.2869739532470703
3.860414981842041
1.677299976348877
1.4388957023620605
3.0424818992614746
2.0916364192962646
1.643413782119751
1.099879264831543
1.8598806858062744
1.1004621982574463
0.8276660442352295
0.898280143737793
1.0755913257598877
0.7706284523010254
0.44695401191711426
0.16182565689086914
0.6522924900054932
0.5874505043029785
0.3799583911895752
0.23923945426940918
0.09402346611022949
0.07050037384033203
0.008014202117919922
0.0010006427764892578
0.0
0.12918543815612793
1.1611225605010986
2.2669365406036377
0.5918605327606201
3.15267276763916
0.39973998069763184
0.6837806701660156
1.5196235179901123
1.460310459136963
1.4055695533752441
7.4963366985321045
1.8065924644470215
2.365854263305664
1.6273677349090576
2.276853084564209
1.4278442859649658
0.8004367351531982
0.6304759979248047
0.6233890056610107
1.124828815460205
1.6566450595855713
1.241931438446045
0.7126593589782715
0.3883216381072998
0.21231627464294434
0.24153614044189453
0.03890228271484375
0.022223234176635742
0.002001047134399414
0.0006737709045410156
0.12755656242370605
1.178941011428833
2.090745210647583
2.377877950668335
4.428020000457764
1.9964914321899414
2.04868221282959
3.109161138534546
7.123918771743774
11.983207941055298
5.818932771682739
6.207991361618042
5.335138320922852
4.923206090927124
3.2188732624053955
0.27844810485839844
0.5064761638641357
0.5811495780944824
0.32021498680114746
0.41782402992248535
1.2827303409576416
0.39341163635253906
0.22803211212158203
0.13620257377624512
0.07309103012084961
0.09933614730834961
0.06502079963684082
0.022639751434326172
0.002433300018310547
0.0
0.11881732940673828
1.4063944816589355
2.665085792541504
0.7347860336303711
0.7270519733428955
1.7033779621124268
2.077664852142334
3.3135461807250977
2.8986213207244873
1.813730001449585
5.142398118972778
2.274184226989746
2.9939165115356445
0.3599815368652344
2.9103848934173584
0.8101081848144531
0.04331851005554199
0.12569952011108398
0.35573863983154297
0.4817166328430176
0.28296828269958496
0.1700758934020996
0.20740318298339844
0.022589921951293945
0.0476381778717041
0.02240753173828125
0.02214336395263672
0.0056912899017333984
0.0032987594604492188
0.1412804126739502
0.16830897331237793
1.1007301807403564
0.32297253608703613
1.2926695346832275
0.54970383644104
0.10553526878356934
0.040069580078125
0.3528316020965576
2.854560375213623
1.753150224685669
2.206864595413208
1.068692922592163
0.3139033317565918
0.3205296993255615
0.8910491466522217
0.9430403709411621
0.8842253684997559
0.9419822692871094
0.8452754020690918
0.9884519577026367
1.1937856674194336
0.43555140495300293
0.39362549781799316
0.43167543411254883
0.34705638885498047
0.08073306083679199
0.02832961082458496
0.01012873649597168
0.0010089874267578125
0.14897632598876953
0.20374536514282227
3.050166368484497
5.749474048614502
1.521712064743042
1.128502607345581
4.543047189712524
2.8141345977783203
4.539212465286255
3.009387493133545
3.7460289001464844
2.2673027515411377
4.224194526672363
2.2298057079315186
1.5756430625915527
0.6546385288238525
1.0049519538879395
0.5255494117736816
1.7409145832061768
0.7132768630981445
0.5842933654785156
0.4366176128387451
0.3396332263946533
1.1432445049285889
0.35866713523864746
0.3318459987640381
0.1085965633392334
0.025824308395385742
0.0012919902801513672
0.0
0.14596843719482422
1.3725357055664062
2.2891204357147217
0.654627799987793
0.7838215827941895
6.151720762252808
5.72701358795166
5.950495481491089
6.997633695602417
5.5292418003082275
2.2579007148742676
1.236832857131958
1.3981099128723145
1.6075642108917236
0.9485073089599609
0.6062440872192383
0.7398560047149658
0.3529853820800781
0.8559718132019043
0.5625970363616943
0.40687036514282227
0.3056373596191406
0.2223653793334961
0.22006797790527344
0.2987525463104248
0.09578943252563477
0.06214284896850586
0.020869970321655273
0.0029997825622558594
0.002008676528930664
0.0009942054748535156
0.1174159049987793
1.0955352783203125
2.2855653762817383
0.8557820320129395
0.26012349128723145
0.15363836288452148
5.413103818893433
2.988929510116577
2.699350357055664
2.800574779510498
4.99607515335083
1.1486480236053467
0.8161234855651855
1.1444156169891357
1.8861358165740967
3.9403579235076904
1.337796688079834
0.6728634834289551
0.25120019912719727
0.3539867401123047
0.30649805068969727
0.3352818489074707
0.2455439567565918
0.21341776847839355
0.2582814693450928
0.13529300689697266
0.01781463623046875
0.010064363479614258
0.003004312515258789
0.0
0.12541651725769043
0.44388914108276367
0.7120895385742188
6.140429735183716
0.7391629219055176
0.29550743103027344
0.598433256149292
3.148549795150757
1.274627923965454
0.7952747344970703
1.498291015625
4.9495532512664795
4.1250879764556885
2.832368850708008
1.8199419975280762
1.274789571762085
0.7591657638549805
0.7542421817779541
0.4100916385650635
0.49296069145202637
0.49244141578674316
0.815112829208374
0.6030395030975342
0.4389197826385498
0.5214574337005615
0.37854933738708496
0.033777475357055664
0.05188322067260742
0.007017612457275391
0.0031576156616210938
0.0008914470672607422
0.09490346908569336
0.9327213764190674
1.8391540050506592
0.6063029766082764
2.0304882526397705
1.9694163799285889
2.609549045562744
1.7126350402832031
3.4744017124176025
3.1059048175811768
0.7553403377532959
1.8776462078094482
1.2736759185791016
1.534419059753418
1.236588954925537
1.0462234020233154
0.5198142528533936
0.7374222278594971
0.6799149513244629
0.08799576759338379
0.04895973205566406
0.08764410018920898
0.0021982192993164062
0.04420351982116699
0.025084495544433594
0.029546022415161133
0.015550851821899414
0.0023369789123535156
0.0010020732879638672
0.08289170265197754
0.875868558883667
1.9432716369628906
0.49618029594421387
0.21966910362243652
0.6902365684509277
0.13034582138061523
0.27758312225341797
8.018218040466309
4.185933828353882
4.0283989906311035
2.1454968452453613
1.8876996040344238
0.4911661148071289
0.9684197902679443
1.311183214187622
0.8446063995361328
0.5702536106109619
0.519279956817627
0.6166627407073975
0.3568694591522217
0.3032550811767578
0.600949764251709
0.4967803955078125
0.29723310470581055
0.0847170352935791
0.010002374649047852
0.006523847579956055
0.0009992122650146484
0.0014486312866210938
0.08910894393920898
0.31560373306274414
0.5576035976409912
1.00864839553833
1.7616643905639648
0.929506778717041
2.4506030082702637
5.007419586181641
7.721567153930664
3.9067702293395996
1.839442491531372
2.87662410736084
0.7244508266448975
2.469081401824951
1.6385095119476318
1.7756946086883545
0.8488965034484863
0.3792755603790283
0.06420660018920898
0.044081926345825195
0.1489238739013672
0.5436520576477051
0.14796209335327148
0.20408177375793457
0.056400299072265625
0.015482664108276367
0.0034918785095214844
0.003528118133544922
0.0009999275207519531
0.09290218353271484
0.10451793670654297
2.610854148864746
0.08188152313232422
0.08546614646911621
0.01961374282836914
2.1018412113189697
1.0212061405181885
2.0759150981903076
2.3368842601776123
1.6735491752624512
2.4091532230377197
0.7965266704559326
1.263049840927124
0.7231230735778809
0.5552737712860107
0.3528900146484375
0.2534823417663574
0.24593305587768555
0.14829421043395996
0.16729497909545898
0.1395723819732666
0.25194311141967773
0.9011964797973633
0.24193906784057617
0.16029095649719238
0.09731864929199219
0.001018524169921875
0.003816843032836914
0.0015263557434082031
0.0011348724365234375
0.0867910385131836
0.30455589294433594
0.1693575382232666
0.8920283317565918
0.7973847389221191
2.115265130996704
4.0019800662994385
6.110747814178467
7.4683332443237305
6.036441326141357
4.276519775390625
1.6721501350402832
3.8732776641845703
4.38993239402771
3.179226875305176
2.03378963470459
0.679424524307251
0.6747949123382568
0.5739712715148926
0.6432945728302002
0.5031781196594238
0.8192858695983887
0.9369442462921143
0.6301946640014648
0.510915994644165
0.04183459281921387
0.02843761444091797
0.13029766082763672
0.008667469024658203
0.0023174285888671875
0.0
0.08902120590209961
0.8348612785339355
1.8860418796539307
0.8444139957427979
0.36191439628601074
0.21974730491638184
2.982670307159424
1.2740318775177002
2.2916688919067383
3.505368232727051
2.2545218467712402
1.103978157043457
1.276824951171875
1.1771771907806396
0.7077124118804932
0.5000743865966797
0.38721466064453125
0.43694305419921875
0.1997513771057129
0.14910125732421875
0.1542370319366455
0.25092458724975586
0.33704209327697754
0.3927931785583496
0.1107177734375
0.26451778411865234
0.03837871551513672
0.013710260391235352
0.013100862503051758
0.00299835205078125
0.0009999275207519531
0.09107756614685059
0.11522555351257324
1.7161216735839844
2.016383409500122
3.376385450363159
3.0131583213806152
4.039063930511475
2.6420466899871826
5.861828565597534
2.9318301677703857
2.394115924835205
3.5682926177978516
3.39520001411438
2.5168004035949707
3.251725912094116
3.9796853065490723
2.9825925827026367
1.4928874969482422
0.7899365425109863
0.8729658126831055
1.5046038627624512
1.3881850242614746
0.7186644077301025
0.2983052730560303
0.3235139846801758
0.19630098342895508
0.020026206970214844
0.013420343399047852
0.0059163570404052734
0.007696866989135742
0.22195196151733398
0.22557878494262695
1.104097843170166
0.32492542266845703
0.651331901550293
4.541418790817261
2.5436079502105713
0.5549664497375488
0.5559031963348389
0.949566125869751
0.8815085887908936
0.6792709827423096
0.29825639724731445
0.20166754722595215
0.28082847595214844
0.5417430400848389
0.6128520965576172
0.652428150177002
0.2505371570587158
0.1060338020324707
0.035503387451171875
0.29593443870544434
0.4161698818206787
0.056497812271118164
0.22864866256713867
0.1849808692932129
0.0411376953125
0.007077693939208984
0.0011229515075683594
0.0
0.12419867515563965
0.15795493125915527
1.6522212028503418
1.4593205451965332
4.025161027908325
1.9274446964263916
1.3123650550842285
0.741940975189209
1.8232953548431396
2.270298957824707
3.221496343612671
1.8087992668151855
1.2203876972198486
2.0699574947357178
2.175464630126953
0.7484626770019531
0.7342064380645752
0.5332117080688477
0.5636096000671387
0.8601298332214355
0.6001992225646973
0.41249632835388184
0.3207070827484131
0.15709877014160156
0.16050148010253906
0.002014636993408203
0.013459205627441406
0.0035126209259033203
0.0004999637603759766
0.12418937683105469
1.207071304321289
2.7870593070983887
0.4463374614715576
3.2332615852355957
0.9252176284790039
0.43584656715393066
1.017587423324585
0.9310328960418701
0.6640934944152832
0.07932162284851074
1.4679315090179443
0.8819539546966553
1.4324300289154053
0.7906765937805176
0.7329437732696533
0.5053298473358154
0.4050140380859375
0.3295111656188965
0.25380373001098633
0.1761326789855957
0.20404267311096191
0.26001954078674316
0.31426358222961426
0.18808698654174805
0.13739657402038574
0.045485734939575195
0.02340245246887207
0.0038716793060302734
0.00099945068359375
0.09702610969543457
0.3545107841491699
0.9675848484039307
1.51859450340271
0.47319650650024414
0.1778872013092041
0.18229150772094727
0.20940017700195312
2.347426652908325
0.6576657295227051
0.7482874393463135
2.160263776779175
2.9881703853607178
3.0208404064178467
2.755927801132202
1.525721788406372
0.6901676654815674
0.6325736045837402
0.11377692222595215
0.04346513748168945
0.0683896541595459
0.6136658191680908
1.449075698852539
0.5801494121551514
1.0099070072174072
0.2774629592895508
0.13036036491394043
0.0
0.0031681060791015625
0.00011467933654785156
0.1594681739807129
0.19414019584655762
3.363905906677246
2.1693108081817627
0.21798348426818848
3.0329384803771973
2.1110589504241943
0.6319849491119385
1.1449978351593018
3.5327367782592773
0.8497874736785889
0.699683666229248
0.24515700340270996
0.5452725887298584
1.630964756011963
1.1688604354858398
1.9552760124206543
0.8644974231719971
1.4875514507293701
1.4791982173919678
0.4639003276824951
0.32909202575683594
0.346358060836792
0.2750668525695801
0.3971366882324219
0.5208258628845215
0.20334792137145996
0.031868934631347656
0.0
0.0004978179931640625
0.1430819034576416
0.21442556381225586
2.3314368724823
1.5752053260803223
2.798567771911621
2.5045487880706787
2.8007912635803223
1.568533182144165
2.061411142349243
1.3512475490570068
2.763929605484009
2.585667848587036
1.881490707397461
0.9508111476898193
0.7612338066101074
0.45433950424194336
0.32991695404052734
0.4695456027984619
0.22610116004943848
0.16716408729553223
0.3500082492828369
0.2565014362335205
0.27410888671875
0.2498321533203125
0.28837060928344727
0.15389513969421387
0.0331265926361084
0.01024937629699707
0.005319118499755859
0.0005033016204833984
0.10131168365478516
0.41204166412353516
1.1052024364471436
1.3893194198608398
1.2948236465454102
2.2419097423553467
0.7013843059539795
3.822418451309204
3.025843620300293
1.6679658889770508
1.9485867023468018
6.664936065673828
3.133267402648926
1.3770039081573486
1.2060234546661377
0.9127593040466309
0.7321231365203857
0.5376777648925781
0.3642423152923584
0.3387935161590576
0.41927480697631836
0.47704267501831055
0.6055796146392822
0.47449326515197754
0.1601409912109375
0.027155399322509766
0.020813703536987305
0.007082700729370117
0.002205371856689453
0.0
0.08954691886901855
0.10819315910339355
1.6661367416381836
0.4071807861328125
2.52567458152771
5.982153654098511
2.9717071056365967
4.8353400230407715
5.002164363861084
3.737248659133911
1.4754321575164795
2.159308910369873
2.3023149967193604
1.0676252841949463
0.9021258354187012
0.38056230545043945
0.2378242015838623
0.25551557540893555
0.4807777404785156
0.5330381393432617
1.0296902656555176
0.27779507637023926
0.3901815414428711
1.0388882160186768
0.7012848854064941
0.16223859786987305
0.008345365524291992
0.026935577392578125
0.001787424087524414
0.0
0.08388400077819824
0.3034367561340332
0.5591530799865723
3.006422996520996
2.5967743396759033
3.131622314453125
0.20606637001037598
0.3569908142089844
0.2215573787689209
0.16859221458435059
0.6334471702575684
0.6249532699584961
0.08177447319030762
0.3012261390686035
0.5980124473571777
0.7146749496459961
2.005737543106079
0.6800203323364258
0.569054365158081
0.5000660419464111
0.3841698169708252
0.33672142028808594
1.075303077697754
0.6872832775115967
0.4667670726776123
0.2381906509399414
0.20129728317260742
0.11499834060668945
0.010819435119628906
0.005120754241943359
0.0008842945098876953
0.11956548690795898
1.0995919704437256
0.8457496166229248
1.0472745895385742
3.3049867153167725
1.806804895401001
4.335972785949707
5.454712629318237
3.919222831726074
1.1885857582092285
0.29314541816711426
1.5341289043426514
0.6466174125671387
1.3765571117401123
2.2549521923065186
2.3646254539489746
1.1140284538269043
2.051797866821289
1.1516997814178467
0.5511932373046875
0.23881268501281738
0.4201698303222656
0.32524752616882324
0.31619811058044434
0.10231161117553711
0.06646180152893066
0.09137749671936035
0.024810075759887695
0.00857090950012207
0.0009922981262207031
0.0009999275207519531
0.12539362907409668
0.13705778121948242
0.8589847087860107
1.0863006114959717
0.18607330322265625
0.7891483306884766
1.867795467376709
0.34767723083496094
0.7263500690460205
0.7047924995422363
1.107224941253662
0.261991024017334
0.6799411773681641
0.22725558280944824
0.4603235721588135
2.833753824234009
5.483577728271484
4.836888313293457
3.51102614402771
1.8358988761901855
1.119032859802246
0.5387780666351318
0.267120361328125
0.14423751831054688
0.12144899368286133
0.07959961891174316
0.20020270347595215
0.02264714241027832
0.015154123306274414
0.0019991397857666016
0.0010001659393310547
0.08562898635864258
0.9395885467529297
1.896874189376831
1.9461867809295654
0.0451350212097168
0.2497091293334961
2.5142104625701904
2.544811487197876
3.080638885498047
1.609001636505127
0.7070128917694092
0.36545443534851074
2.398557662963867
0.8213982582092285
0.5346970558166504
0.926440954208374
0.23921895027160645
0.5538146495819092
0.3919546604156494
1.0989787578582764
0.2816429138183594
0.40618014335632324
0.4805014133453369
0.2058258056640625
0.11171078681945801
0.05614137649536133
0.04383707046508789
0.01057124137878418
0.004486560821533203
0.003075122833251953
0.10164499282836914
1.008301019668579
2.16622257232666
0.5955808162689209
0.8969345092773438
0.12232232093811035
2.7134928703308105
1.824162483215332
4.307572841644287
4.069736480712891
1.8980307579040527
4.1702046394348145
3.8531177043914795
1.824389934539795
1.8173363208770752
0.8967700004577637
2.2725863456726074
1.5538294315338135
1.0253353118896484
0.6343643665313721
0.4807548522949219
0.2391049861907959
0.29042696952819824
0.3506956100463867
0.25075197219848633
0.11723136901855469
0.06264615058898926
0.008602619171142578
0.00228118896484375
0.0010750293731689453
0.08826708793640137
0.10972118377685547
1.5713527202606201
2.645049810409546
1.5412940979003906
1.6722455024719238
2.6701512336730957
2.5280404090881348
5.364842891693115
3.016737937927246
2.3794960975646973
3.360989570617676
1.8612627983093262
1.6164183616638184
1.476224660873413
0.6138110160827637
0.49163150787353516
0.3648815155029297
0.35475754737854004
0.43752384185791016
0.37841367721557617
0.48866796493530273
0.3713498115539551
0.1884162425994873
0.19395732879638672
0.07845401763916016
0.014176130294799805
0.01150965690612793
0.0011343955993652344
0.0
0.0830221176147461
0.7868006229400635
1.0782151222229004
1.58799409866333
0.08868932723999023
0.19357991218566895
0.28818225860595703
0.235182523727417
0.08017253875732422
2.1631500720977783
0.9894895553588867
2.7878236770629883
1.4875280857086182
2.046779155731201
0.5407600402832031
0.5804471969604492
1.5626935958862305
0.827430248260498
0.6927144527435303
0.32866573333740234
0.2626628875732422
0.11451363563537598
0.36655759811401367
0.15049242973327637
0.42949366569519043
0.051863670349121094
0.06793951988220215
0.019621849060058594
0.019802331924438477
0.002039670944213867
0.0
0.07935523986816406
0.2897763252258301
0.5133852958679199
1.97418212890625
1.1821708679199219
1.4244282245635986
2.2642011642456055
4.513814210891724
2.1606976985931396
2.6595683097839355
4.293830394744873
2.7946219444274902
3.144455909729004
2.0016262531280518
1.5270953178405762
0.6137313842773438
0.23955917358398438
0.2627565860748291
0.30216360092163086
0.3072469234466553
0.3415229320526123
0.3141651153564453
0.3181636333465576
0.22390508651733398
0.1317896842956543
0.05368685722351074
0.02812814712524414
0.008024930953979492
0.001992940902709961
0.0009992122650146484
0.13286304473876953
0.1542375087738037
1.394272804260254
2.256319522857666
1.2792613506317139
0.3359553813934326
1.1190259456634521
1.6892120838165283
4.029615879058838
2.362251043319702
2.337353229522705
1.655139684677124
0.9184491634368896
0.9551494121551514
1.3900480270385742
1.4420115947723389
0.7103559970855713
0.6259908676147461
0.3203766345977783
0.3765995502471924
0.4139235019683838
0.47717857360839844
0.2815978527069092
0.11684560775756836
0.10685300827026367
0.14782977104187012
0.11772394180297852
0.03384876251220703
0.013397693634033203
0.0024025440216064453
0.000949859619140625
0.0014996528625488281
0.09673881530761719
0.12263274192810059
0.7615866661071777
1.5064785480499268
1.354034185409546
1.4662342071533203
2.819450616836548
0.8683996200561523
1.4967970848083496
2.9268462657928467
2.8372697830200195
3.66566801071167
1.8625977039337158
1.5745673179626465
0.91487717628479
0.5942976474761963
0.39908289909362793
0.3000528812408447
0.19393563270568848
0.2715580463409424
0.21956086158752441
0.20409727096557617
0.26934075355529785
0.21655511856079102
0.21676230430603027
0.13481736183166504
0.14815044403076172
0.10721254348754883
0.060658931732177734
0.005893707275390625
0.0009987354278564453
0.0
0.11310839653015137
0.9535586833953857
2.0121772289276123
1.5074458122253418
1.2079744338989258
3.200958490371704
5.4310643672943115
1.9135184288024902
0.977208137512207
3.3760640621185303
2.297731876373291
2.9296698570251465
0.825542688369751
1.6303389072418213
1.9541289806365967
0.970832347869873
0.8314626216888428
0.7334578037261963
0.6355547904968262
0.22341203689575195
0.1817612648010254
0.6083977222442627
1.1545305252075195
0.7724556922912598
0.2979545593261719
0.33596205711364746
0.06236624717712402
0.03626847267150879
0.003512859344482422
0.0030007362365722656
0.00067138671875
0.31984925270080566
0.8738675117492676
0.9957685470581055
2.357424259185791
2.653764486312866
0.8070740699768066
0.45797061920166016
0.5509309768676758
1.2481915950775146
2.4162094593048096
3.7812514305114746
1.7975666522979736
3.284935235977173
1.6052918434143066
1.0241665840148926
0.9341304302215576
1.2817370891571045
0.9695479869842529
0.8642337322235107
0.8888897895812988
1.7527484893798828
0.4714076519012451
0.02307605743408203
0.022212505340576172
0.03812837600708008
0.010257482528686523
0.08003807067871094
0.008139371871948242
0.0009999275207519531
0.1307075023651123
0.1646120548248291
1.4520719051361084
2.132977247238159
2.425201416015625
4.162058353424072
3.5696005821228027
5.390091896057129
7.520677328109741
9.274084329605103
6.061163663864136
3.7965731620788574
2.404175043106079
2.2210652828216553
3.4870622158050537
1.0249912738800049
0.7215490341186523
0.0110626220703125
0.5930554866790771
2.345973491668701
0.5349321365356445
0.526787281036377
0.2832915782928467
0.3647191524505615
0.12281107902526855
0.025477886199951172
0.005430459976196289
0.003875255584716797
0.0011763572692871094
0.0
0.11391282081604004
0.43968892097473145
0.25150442123413086
1.1857998371124268
1.1154067516326904
3.219369888305664
3.3308751583099365
2.6908867359161377
1.5654933452606201
1.241952657699585
7.1245503425598145
3.896879196166992
1.8054792881011963
3.086423635482788
0.7697234153747559
0.5439083576202393
0.3961963653564453
0.14721417427062988
0.2965250015258789
0.4189140796661377
0.22449731826782227
0.6119959354400635
0.22743535041809082
0.46031737327575684
0.07489204406738281
0.01693272590637207
0.0724639892578125
0.07028079032897949
0.001299142837524414
0.135606050491333
1.261988639831543
0.883014440536499
0.869929313659668
1.1298315525054932
1.8326489925384521
1.666515588760376
3.8180480003356934
3.0836474895477295
2.419159412384033
1.3549110889434814
1.026599407196045
1.1904256343841553
1.0052878856658936
0.9067139625549316
1.0199296474456787
0.7487845420837402
0.5457937717437744
0.5460910797119141
0.5394525527954102
0.41251397132873535
0.35935139656066895
0.433610200881958
0.38555479049682617
0.17524147033691406
0.08469414710998535
0.03864741325378418
0.011530637741088867
0.005356311798095703
0.0005004405975341797
0.0
0.11855721473693848
0.13271141052246094
1.8103055953979492
2.913395404815674
3.5012707710266113
8.154950618743896
3.012763261795044
1.9952471256256104
7.114742994308472
5.315606594085693
5.919360399246216
4.107461214065552
4.713057041168213
2.9896347522735596
1.1378037929534912
0.6388289928436279
1.6984078884124756
0.6101629734039307
0.45572447776794434
0.5244781970977783
0.5130245685577393
0.3486979007720947
0.34872889518737793
0.2276136875152588
0.12769389152526855
0.1920771598815918
0.08231639862060547
0.012704849243164062
0.0030388832092285156
0.0014896392822265625
0.0
0.15192127227783203
0.18337416648864746
2.7362186908721924
3.345334529876709
4.507388591766357
2.4643659591674805
0.3183894157409668
0.3532450199127197
0.5277149677276611
0.2521536350250244
0.49828028678894043
1.5214788913726807
2.0106165409088135
1.0907187461853027
3.0024452209472656
2.63529109954834
1.991504430770874
3.0716679096221924
2.1978890895843506
2.8330085277557373
2.8617191314697266
1.1226487159729004
1.0071375370025635
0.43635010719299316
0.5804777145385742
0.11844491958618164
0.09613752365112305
0.014647245407104492
0.004990816116333008
0.0022192001342773438
0.0005006790161132812
0.14663434028625488
1.446117639541626
1.1650493144989014
1.4766576290130615
3.3169548511505127
2.476106882095337
1.2172715663909912
0.5430567264556885
0.9053919315338135
0.4856531620025635
0.31714296340942383
0.49095964431762695
1.522221326828003
0.09948253631591797
0.4221811294555664
0.21109247207641602
0.024569034576416016
0.14058899879455566
0.17272424697875977
2.639793634414673
0.355226993560791
0.5186972618103027
2.997687339782715
5.079233169555664
2.473952531814575
7.449259281158447
5.870402097702026
5.8021485805511475
3.6261894702911377
2.0162343978881836
1.9175376892089844
1.5205368995666504
1.2390148639678955
0.486769437789917
0.7957711219787598
0.8651044368743896
0.7068934440612793
0.21184086799621582
0.6780571937561035
0.3037567138671875
0.24860382080078125
0.21491217613220215
0.09608912467956543
0.029263973236083984
0.008414268493652344
0.0021512508392333984
0.0011413097381591797
0.1266474723815918
1.5886070728302002
2.7515573501586914
0.8155920505523682
3.6003565788269043
3.1936135292053223
3.794476270675659
2.753844738006592
0.13801264762878418
0.9085648059844971
0.41806697845458984
0.6441774368286133
0.5974380970001221
0.7219405174255371
0.7977337837219238
0.6110553741455078
1.0956470966339111
0.8727297782897949
0.9172573089599609
0.7227277755737305
0.5157830715179443
0.19833850860595703
0.30098891258239746
0.8462092876434326
1.0744118690490723
1.1185591220855713
0.5845663547515869
0.6281135082244873
0.29384422302246094
0.11398100852966309
0.03126668930053711
0.014049768447875977
0.0009913444519042969
0.0
0.12288069725036621
1.2506816387176514
2.4325289726257324
2.7087771892547607
1.9737906455993652
4.404578924179077
4.441390037536621
4.9431211948394775
4.38998007774353
3.957902193069458
1.8900115489959717
2.892808437347412
2.7671754360198975
3.1885154247283936
1.868438959121704
1.1170258522033691
0.43306779861450195
0.45001792907714844
0.49840784072875977
0.5206050872802734
0.6907637119293213
0.5785195827484131
0.7235796451568604
0.6281230449676514
0.29581117630004883
0.12947297096252441
0.12285709381103516
0.0050084590911865234
0.0035927295684814453
0.0
0.11120724678039551
1.8447484970092773
2.0603222846984863
1.1052875518798828
1.6659941673278809
2.153520345687866
0.6994717121124268
2.2151613235473633
1.2638280391693115
3.6837825775146484
2.121743679046631
1.5178983211517334
3.447429656982422
0.8472018241882324
1.3147501945495605
4.218529939651489
3.09818696975708
3.672053575515747
0.6823465824127197
0.29175567626953125
0.32107996940612793
0.24878334999084473
0.16449570655822754
0.1654973030090332
0.04668021202087402
0.07099032402038574
0.007732391357421875
0.007831811904907227
0.0011775493621826172
0.1527116298675537
1.4791662693023682
1.1302106380462646
0.765120267868042
1.3569962978363037
0.4562535285949707
1.6542072296142578
1.203993558883667
1.9337215423583984
0.9751269817352295
1.5197117328643799
0.4426116943359375
1.5441737174987793
1.7515532970428467
4.082853555679321
1.5917437076568604
0.2762627601623535
0.1969282627105713
0.2810859680175781
0.25951194763183594
0.1483306884765625
0.33388757705688477
0.19556832313537598
0.14567255973815918
0.18198490142822266
0.06315231323242188
0.06437444686889648
0.015563011169433594
0.004947662353515625
0.0016946792602539062
0.0
0.0
0.10381889343261719
0.10336589813232422
2.7884304523468018
2.6956610679626465
2.8348331451416016
2.3922972679138184
5.028132677078247
3.1955347061157227
4.270741939544678
1.5885655879974365
1.3347671031951904
1.5924122333526611
1.6778433322906494
2.3650379180908203
0.3837316036224365
0.12147903442382812
0.2783031463623047
0.20467376708984375
0.19348716735839844
0.006687164306640625
0.16584014892578125
0.643282413482666
0.5759589672088623
0.7304723262786865
0.17499017715454102
0.06892609596252441
0.07255816459655762
0.009438753128051758
0.0015058517456054688
0.0
0.1089792251586914
0.38602662086486816
1.1177339553833008
1.0697448253631592
1.9059937000274658
2.002741575241089
3.2206554412841797
2.2914950847625732
6.663003444671631
4.262096881866455
6.626305103302002
7.138105154037476
3.980654716491699
1.674741506576538
1.5261421203613281
1.1095473766326904
0.4724709987640381
0.3389003276824951
0.2072455883026123
0.6863625049591064
1.4855070114135742
0.37696313858032227
0.655310869216919
0.3980882167816162
0.31425976753234863
0.12971973419189453
0.009474992752075195
0.04163646697998047
0.0004992485046386719
0.0
0.12291359901428223
0.1351025104522705
2.3994686603546143
1.9973433017730713
2.3270721435546875
0.6393833160400391
7.159358501434326
7.070760011672974
0.5722982883453369
2.808368444442749
1.6221809387207031
0.5637452602386475
0.742032527923584
1.3055882453918457
1.6469473838806152
0.8648462295532227
0.7337017059326172
0.7661004066467285
0.28273963928222656
1.0776302814483643
0.9051141738891602
0.3818681240081787
0.17797350883483887
0.23553919792175293
0.3029189109802246
0.07778453826904297
0.010736465454101562
0.0034933090209960938
0.000522613525390625
0.10474324226379395
0.15043878555297852
2.1358213424682617
1.7229044437408447
1.6619250774383545
1.594510555267334
1.1232104301452637
0.9954886436462402
3.5514001846313477
2.820295572280884
1.7654139995574951
3.2029850482940674
3.247779130935669
0.5462913513183594
0.48720502853393555
0.5848972797393799
0.5445771217346191
0.6454956531524658
0.2651233673095703
0.2646057605743408
0.3577308654785156
0.19846367835998535
0.17376708984375
0.06502532958984375
0.001194000244140625
0.005636453628540039
0.0017542839050292969
0.0008935928344726562
0.1390674114227295
0.13388347625732422
0.9939262866973877
1.3607866764068604
1.333970308303833
3.181988000869751
4.359782934188843
3.3859002590179443
2.122025489807129
2.606456756591797
3.5711827278137207
1.768721103668213
1.3712549209594727
1.3224279880523682
0.9358212947845459
0.7233281135559082
0.7399978637695312
0.6335947513580322
0.4518599510192871
0.2997415065765381
0.20551419258117676
0.3156013488769531
0.17956781387329102
0.3055534362792969
0.24408555030822754
0.40638279914855957
0.35063886642456055
0.004532575607299805
0.007577180862426758
0.0020101070404052734
0.0010013580322265625
0.00021886825561523438
0.09925484657287598
0.13027071952819824
2.0695433616638184
0.08666229248046875
0.08608698844909668
0.06059408187866211
0.06257367134094238
0.0020012855529785156
0.10055136680603027
0.13477039337158203
2.2196340560913086
1.723006010055542
5.418994665145874
3.7238380908966064
4.160813570022583
5.8777594566345215
3.4808661937713623
1.761840581893921
1.6070349216461182
1.4084141254425049
1.777294397354126
1.653503656387329
1.212230920791626
2.0810811519622803
0.6974673271179199
0.7081935405731201
0.29697442054748535
0.2202141284942627
0.2808384895324707
0.7802190780639648
0.37714385986328125
0.21567583084106445
0.3103764057159424
0.22729945182800293
0.04288220405578613
0.005999326705932617
0.007767677307128906
0.0010848045349121094
0.08816790580749512
0.28865981101989746
0.1591339111328125
0.4761788845062256
0.21446752548217773
0.7860476970672607
3.714402437210083
5.6018757820129395
3.0027785301208496
5.9335901737213135
4.913121700286865
3.0275938510894775
2.8651459217071533
5.9032979011535645
2.5540921688079834
1.2657155990600586
0.6677236557006836
0.9249367713928223
0.6494643688201904
0.13881993293762207
0.5081896781921387
0.7765538692474365
0.6186749935150146
0.39641880989074707
0.4795341491699219
0.2799689769744873
0.10756111145019531
0.032938241958618164
0.005542755126953125
0.0010356903076171875
0.08590936660766602
0.10436177253723145
1.9275014400482178
1.615516185760498
3.0544164180755615
4.527031421661377
2.07374906539917
1.5974643230438232
5.930513143539429
2.1022896766662598
2.645362377166748
1.6790616512298584
2.304339647293091
1.1941900253295898
2.0405831336975098
0.8116576671600342
0.11332011222839355
0.06688666343688965
0.17371845245361328
0.224656343460083
0.3202176094055176
0.4270970821380615
0.2559809684753418
0.8633153438568115
0.2193446159362793
0.3086409568786621
0.1498703956604004
0.05460810661315918
0.009057998657226562
0.005377769470214844
0.0017476081848144531
0.0006656646728515625
0.09652400016784668
0.9210386276245117
1.64970064163208
1.7677786350250244
3.068549394607544
0.062256574630737305
0.07018423080444336
0.5415070056915283
5.411402702331543
5.2968854904174805
6.64768123626709
1.5998480319976807
1.1280367374420166
0.8932597637176514
0.8060100078582764
1.9720711708068848
2.666297197341919
2.1411707401275635
1.0380604267120361
0.8428566455841064
0.4171273708343506
0.3158743381500244
0.43947887420654297
0.3021543025970459
0.10385942459106445
0.04280972480773926
0.021714448928833008
0.011924028396606445
0.0032799243927001953
0.0015308856964111328
0.000499725341796875
0.08103728294372559
0.09800481796264648
1.4685473442077637
1.5839643478393555
1.4060628414154053
0.23563838005065918
0.029457569122314453
0.05507349967956543
0.13108253479003906
3.3020782470703125
1.4021687507629395
2.718846082687378
4.828867197036743
5.690486669540405
3.527397632598877
2.4366631507873535
4.4702308177948
1.4861888885498047
0.6874399185180664
0.5481886863708496
1.668877363204956
1.1955983638763428
1.5251498222351074
0.4688863754272461
0.2949707508087158
0.2122960090637207
0.16346096992492676
0.007215261459350586
0.005005359649658203
0.0009050369262695312
0.13004589080810547
0.506216287612915
1.4663796424865723
1.4757201671600342
3.530144453048706
8.807172298431396
3.5497825145721436
2.320803165435791
3.1952598094940186
4.428420543670654
2.1315274238586426
4.12142539024353
3.46450138092041
2.431917667388916
2.5455245971679688
0.6569130420684814
0.848027229309082
1.1300170421600342
0.432326078414917
0.48496437072753906
0.9157555103302002
0.5778381824493408
0.20874810218811035
0.20668435096740723
0.22336435317993164
0.12541794776916504
0.0729219913482666
0.002315521240234375
0.00099945068359375
0.0
0.09042119979858398
0.16591691970825195
0.9418377876281738
1.397566318511963
0.21488571166992188
0.09039974212646484
0.255878210067749
1.6610774993896484
2.5987467765808105
3.555727005004883
3.219557285308838
2.0402262210845947
3.055187225341797
1.4386732578277588
0.9052722454071045
0.8564844131469727
0.20786571502685547
0.4857783317565918
0.11344456672668457
0.009270906448364258
0.7909374237060547
0.5928561687469482
0.11062216758728027
0.3019733428955078
0.29451704025268555
0.20294952392578125
0.06569981575012207
0.009634971618652344
0.0031538009643554688
0.0005004405975341797
0.15961241722106934
1.2629597187042236
2.53202748298645
0.12794733047485352
0.02132391929626465
0.040418148040771484
0.11464309692382812
0.1586463451385498
1.366234302520752
1.1890685558319092
1.0623798370361328
2.6789441108703613
2.079413414001465
1.4267692565917969
2.451279640197754
2.131355047225952
0.6628477573394775
0.3944435119628906
0.40913891792297363
0.21649599075317383
0.4049513339996338
0.3081533908843994
0.17961645126342773
0.3175792694091797
0.21785736083984375
0.02036881446838379
0.0009810924530029297
0.002997875213623047
0.00099945068359375
0.0010974407196044922
0.10482621192932129
0.13888072967529297
1.6581027507781982
1.4119093418121338
2.4942803382873535
1.7735040187835693
1.7693846225738525
3.3728816509246826
2.655902147293091
2.6545183658599854
1.6805226802825928
1.8161695003509521
1.530367136001587
1.0004198551177979
1.2655954360961914
1.3127810955047607
0.70412278175354
0.6927011013031006
0.44028568267822266
0.4658539295196533
0.45835447311401367
1.0608699321746826
0.9512529373168945
0.6663413047790527
0.5743505954742432
0.5391321182250977
0.35785794258117676
0.16486096382141113
0.0004994869232177734
0.001340627670288086
0.000499725341796875
0.15504002571105957
1.3154337406158447
2.660149097442627
3.7089898586273193
1.8272762298583984
1.321418285369873
3.0694594383239746
1.7973473072052002
0.4360032081604004
7.267226219177246
3.4104390144348145
2.6801087856292725
1.5049793720245361
1.9137959480285645
1.51218843460083
0.9829514026641846
1.314466953277588
0.6724936962127686
0.5885679721832275
0.3099844455718994
0.2564699649810791
0.4234747886657715
0.23798918724060059
0.1321883201599121
0.10508894920349121
0.11171627044677734
0.08357644081115723
0.005997896194458008
0.0010008811950683594
0.0
0.09244942665100098
0.10944986343383789
4.115535497665405
1.4277198314666748
6.706464529037476
0.4812891483306885
5.521503686904907
1.3037517070770264
1.3232488632202148
0.6005947589874268
0.903501033782959
1.7818670272827148
1.7000765800476074
2.8594908714294434
1.4220631122589111
0.927936315536499
0.4930417537689209
0.3538334369659424
0.5207381248474121
0.35260677337646484
0.24104881286621094
0.5165319442749023
0.47777724266052246
0.2103440761566162
0.4222750663757324
0.18265581130981445
0.07453346252441406
0.005578517913818359
0.0035169124603271484
0.0019958019256591797
0.0
0.08377504348754883
0.11414337158203125
1.0953328609466553
0.9840908050537109
1.3312206268310547
1.3969650268554688
1.6205551624298096
0.8041529655456543
1.4868927001953125
1.0100133419036865
1.2632207870483398
1.0275788307189941
0.762580156326294
1.7204265594482422
0.45138072967529297
0.3742506504058838
0.21488142013549805
0.2173302173614502
0.3548145294189453
0.3159165382385254
0.37238001823425293
0.19733119010925293
0.2040567398071289
0.14824223518371582
0.0992283821105957
0.08673262596130371
0.04400324821472168
0.0119781494140625
0.005007028579711914
0.0021314620971679688
0.0
0.08590555191040039
0.7735059261322021
1.1727402210235596
2.603055715560913
1.9190301895141602
0.825143575668335
1.8040990829467773
1.9549710750579834
1.0538051128387451
1.3697750568389893
1.7720434665679932
1.3524680137634277
2.415515184402466
1.570523977279663
0.9291176795959473
0.6649882793426514
0.7607250213623047
0.39241814613342285
0.12955284118652344
0.10847115516662598
0.006117820739746094
0.10805201530456543
0.2285161018371582
0.24632883071899414
0.1191248893737793
0.06738710403442383
0.04338216781616211
0.0
0.0028939247131347656
0.0
0.08202886581420898
0.7847602367401123
1.817075490951538
2.4476780891418457
0.20725226402282715
2.8104865550994873
0.5214385986328125
0.5662291049957275
1.1673548221588135
0.6647758483886719
3.4636788368225098
2.49660325050354
2.8486850261688232
1.5318853855133057
1.0060780048370361
0.47687363624572754
0.3301997184753418
0.32260870933532715
1.2844305038452148
1.098304271697998
0.6978130340576172
0.336073637008667
0.2022404670715332
0.317767858505249
0.18757128715515137
0.05606365203857422
0.007218360900878906
0.0013141632080078125
0.0008080005645751953
0.0009999275207519531
0.08835434913635254
0.8018279075622559
0.634469747543335
0.04671216011047363
1.773082971572876
0.5774755477905273
0.4452970027923584
0.5736455917358398
2.158642530441284
2.380208730697632
1.8862473964691162
0.5374190807342529
0.49779844284057617
0.6900589466094971
0.6006999015808105
0.6475300788879395
0.5356812477111816
0.4394955635070801
0.9632437229156494
1.020139217376709
0.9559824466705322
0.689598560333252
0.23477697372436523
0.34795403480529785
0.23769736289978027
0.07437443733215332
0.03847837448120117
0.009432077407836914
0.0026421546936035156
0.0009992122650146484
0.0010497570037841797
0.08656120300292969
0.306743860244751
0.7883381843566895
1.3569865226745605
2.2632315158843994
1.5224781036376953
1.763875961303711
1.6230814456939697
0.44982337951660156
1.0645461082458496
0.4642765522003174
0.5385208129882812
0.2784848213195801
0.04593300819396973
0.5134844779968262
2.7456858158111572
2.084890127182007
1.1958913803100586
1.0507895946502686
0.43102407455444336
0.4168274402618408
1.0424742698669434
0.3450627326965332
0.15664935111999512
0.09013915061950684
0.08859729766845703
0.05229473114013672
0.003992557525634766
0.0020067691802978516
0.0
0.00038123130798339844
0.08263158798217773
0.10708141326904297
1.6897356510162354
3.4821596145629883
0.803438663482666
1.3742001056671143
1.2141940593719482
1.3719005584716797
2.105463981628418
2.8784701824188232
1.4291484355926514
1.4180848598480225
1.1449973583221436
1.3572516441345215
1.2548112869262695
1.1915249824523926
0.8877871036529541
0.4609487056732178
0.41794276237487793
0.3032042980194092
0.2828402519226074
0.28332018852233887
0.908282995223999
0.23715901374816895
0.34431934356689453
0.5166375637054443
0.13373303413391113
0.09025359153747559
0.030582189559936523
0.005056619644165039
0.11033272743225098
1.0609517097473145
1.7610392570495605
2.0181033611297607
1.7318296432495117
0.7543680667877197
3.293189525604248
2.693063735961914
9.838242292404175
4.449671030044556
3.622490882873535
2.029491662979126
4.478850603103638
1.639958143234253
2.2552578449249268
1.8045763969421387
0.8021466732025146
0.6051969528198242
0.4974052906036377
0.2288215160369873
0.9364535808563232
0.26253604888916016
0.21944165229797363
0.2960662841796875
0.07671785354614258
0.03371429443359375
0.0076084136962890625
0.007108449935913086
0.0022487640380859375
0.0009794235229492188
0.08450174331665039
0.7737472057342529
0.7722570896148682
0.46793222427368164
3.071063756942749
10.321640491485596
11.826385259628296
4.6108949184417725
1.4420571327209473
3.2795634269714355
4.490962505340576
1.5161805152893066
0.6168427467346191
0.7669458389282227
0.8651854991912842
0.9436047077178955
0.5012342929840088
0.2743542194366455
0.4523181915283203
0.5292088985443115
0.33243703842163086
0.4467658996582031
0.7053360939025879
0.3123030662536621
0.5327370166778564
0.17965269088745117
0.13161921501159668
0.07776904106140137
0.030878305435180664
0.0009911060333251953
0.0
0.09311270713806152
0.9277739524841309
0.8026528358459473
0.4313480854034424
1.8635978698730469
2.0161678791046143
1.8236145973205566
1.2881534099578857
4.104341745376587
5.246328353881836
2.931547164916992
3.956554412841797
2.47251558303833
0.7383987903594971
0.6580605506896973
0.4736928939819336
0.7703680992126465
0.48337531089782715
0.8125746250152588
0.48312973976135254
0.43030714988708496
0.34989404678344727
0.17475080490112305
0.1152048110961914
0.10890412330627441
0.014028787612915039
0.018978357315063477
0.011091470718383789
0.0007691383361816406
0.001209259033203125
0.07318973541259766
0.6705076694488525
0.4560813903808594
0.2543964385986328
0.4468076229095459
1.2614517211914062
1.456456184387207
2.892625331878662
0.8937962055206299
0.6547226905822754
1.409552812576294
1.3341386318206787
0.5798163414001465
0.898400068283081
0.9787747859954834
0.4857192039489746
0.8517310619354248
0.22867894172668457
0.5920348167419434
0.3904438018798828
0.4661703109741211
0.29595422744750977
0.46748781204223633
0.1763322353363037
0.11703062057495117
0.09739160537719727
0.021100759506225586
0.002026796340942383
0.0010249614715576172
0.0010695457458496094
0.060889482498168945
0.544675350189209
0.44662952423095703
0.0655977725982666
0.2127547264099121
0.6713950634002686
0.13005352020263672
0.5242226123809814
0.21542906761169434
0.07984042167663574
0.14748525619506836
1.2688775062561035
0.5496807098388672
0.47532057762145996
0.4543788433074951
0.48674917221069336
0.6838603019714355
0.692124605178833
0.45294880867004395
0.6247124671936035
0.2276623249053955
0.3131129741668701
0.2061312198638916
0.2278430461883545
0.055849313735961914
0.044275760650634766
0.009845972061157227
0.0059909820556640625
0.0010368824005126953
0.0010662078857421875
0.06083393096923828
0.0859835147857666
0.47203850746154785
0.4344816207885742
0.6879746913909912
1.3604676723480225
0.8357961177825928
0.776592493057251
1.6600592136383057
1.228498935699463
0.40964674949645996
0.6155247688293457
0.45128703117370605
0.4245932102203369
0.23139548301696777
0.2678980827331543
0.6230671405792236
0.3580193519592285
0.1602020263671875
0.20861029624938965
0.3111543655395508
0.47481870651245117
0.47194623947143555
0.33955931663513184
0.13849997520446777
0.03784298896789551
0.030910968780517578
0.0030586719512939453
0.0010347366333007812
0.0012860298156738281
0.05806589126586914
0.5858273506164551
0.7671670913696289
0.5805947780609131
0.35120320320129395
2.6444201469421387
1.035285234451294
2.0467772483825684
0.9339344501495361
0.5979619026184082
0.5587649345397949
3.0962462425231934
2.1119067668914795
0.9129965305328369
0.7784209251403809
0.3923985958099365
0.20186829566955566
0.6371593475341797
0.32738590240478516
0.25620269775390625
0.23783183097839355
0.31688499450683594
0.5157122611999512
0.40692567825317383
0.2401881217956543
0.04872703552246094
0.0046613216400146484
0.004389047622680664
0.0016088485717773438
0.0011377334594726562
0.059831857681274414
0.0770115852355957
0.8421318531036377
1.263674259185791
1.1874079704284668
1.2844407558441162
0.7527430057525635
1.4093108177185059
4.470029830932617
3.527446746826172
1.0294184684753418
0.7082695960998535
1.4531152248382568
0.27670764923095703
0.5220136642456055
0.507582426071167
0.36357975006103516
0.263958215713501
0.19912195205688477
0.32697486877441406
0.6815359592437744
0.06517457962036133
0.0960378646850586
0.04811692237854004
0.2822606563568115
0.10487103462219238
0.014084815979003906
0.007817745208740234
0.003874063491821289
0.0009982585906982422
0.0005173683166503906
0.0
0.06253671646118164
0.6219480037689209
1.1320340633392334
0.3211956024169922
0.6545276641845703
0.6027929782867432
1.338047742843628
2.6662702560424805
1.8466343879699707
2.04422926902771
1.8526036739349365
1.2344629764556885
1.0123062133789062
0.8718030452728271
0.7937593460083008
0.5410151481628418
0.4869871139526367
0.31031203269958496
0.3000645637512207
0.2735908031463623
0.1363353729248047
0.2962343692779541
0.2716562747955322
0.28089261054992676
0.16072916984558105
0.07401800155639648
0.009191751480102539
0.0049326419830322266
0.0019936561584472656
0.0010008811950683594
