0.0010001659393310547
0.0010066032409667969
0.003651142120361328
0.0036134719848632812
0.0019998550415039062
0.003011465072631836
0.003095865249633789
0.0025370121002197266
0.0029981136322021484
0.003000020980834961
0.003019571304321289
0.003574371337890625
0.0020852088928222656
0.0029342174530029297
0.0019998550415039062
0.002002239227294922
0.0021047592163085938
0.0011317729949951172
0.0010008811950683594
0.0010247230529785156
0.0010068416595458984
0.0011892318725585938
0.0010151863098144531
0.0013353824615478516
0.0008997917175292969
0.0
0.0010004043579101562
0.0
0.0010190010070800781
0.0
0.001005411148071289
0.0010080337524414062
0.004173755645751953
0.0032918453216552734
0.004000663757324219
0.004036664962768555
0.0025780200958251953
0.001998424530029297
0.004281044006347656
0.0035941600799560547
0.0030012130737304688
0.0060024261474609375
0.0030095577239990234
0.002283811569213867
0.0033118724822998047
0.0029976367950439453
0.003000020980834961
0.00313568115234375
0.0011324882507324219
0.0019996166229248047
0.002004861831665039
0.001995563507080078
0.0014224052429199219
0.0011589527130126953
0.0010035037994384766
0.0010118484497070312
0.00099945068359375
0.0010001659393310547
0.0
0.0
0.0
0.0016324520111083984
0.0023827552795410156
0.0023987293243408203
0.0030243396759033203
0.0019996166229248047
0.0029103755950927734
0.0026056766510009766
0.002007007598876953
0.0038797855377197266
0.0036575794219970703
0.004418849945068359
0.0030012130737304688
0.002005338668823242
0.0020105838775634766
0.002106904983520508
0.0010068416595458984
0.0010001659393310547
0.002003908157348633
0.001999378204345703
0.002046346664428711
0.0009996891021728516
0.0012464523315429688
0.0004558563232421875
0.0008606910705566406
0.00011205673217773438
0.0
0.0009431838989257812
0.0
0.0
0.0010166168212890625
0.0021026134490966797
0.0016057491302490234
0.004571676254272461
0.0029993057250976562
0.0023717880249023438
0.0029098987579345703
0.003806591033935547
0.0035333633422851562
0.003953456878662109
0.0020411014556884766
0.0019989013671875
0.002941608428955078
0.0030176639556884766
0.003505706787109375
0.004000425338745117
0.003999471664428711
0.0032989978790283203
0.0033583641052246094
0.0020868778228759766
0.0025827884674072266
0.0011975765228271484
0.0010268688201904297
0.0010004043579101562
0.0010001659393310547
0.0
0.0
0.0004467964172363281
0.0
0.0
0.001020669937133789
0.0010128021240234375
0.003687143325805664
0.0019965171813964844
0.0019996166229248047
0.002993345260620117
0.002117156982421875
0.002000570297241211
0.0034439563751220703
0.0030629634857177734
0.001590728759765625
0.002007722854614258
0.00099945068359375
0.004565238952636719
0.0027718544006347656
0.0017418861389160156
0.0009996891021728516
0.002519369125366211
0.0010013580322265625
0.003584146499633789
0.003016948699951172
0.003998994827270508
0.00422358512878418
0.004670858383178711
0.003947019577026367
0.0031049251556396484
0.0038526058197021484
0.0029993057250976562
0.003000020980834961
0.0027990341186523438
0.0019974708557128906
0.0030002593994140625
0.003557443618774414
0.0034983158111572266
0.0010085105895996094
0.0019953250885009766
0.002000093460083008
0.0015141963958740234
0.0009980201721191406
0.0
0.0004999637603759766
0.0010077953338623047
0.0010001659393310547
0.0
0.0
0.0008537769317626953
0.0009851455688476562
0.0012884140014648438
0.0010085105895996094
0.002132892608642578
0.002999544143676758
0.004297018051147461
0.0019996166229248047
0.003210783004760742
0.0040395259857177734
0.0020046234130859375
0.0029997825622558594
0.0031981468200683594
0.004002571105957031
0.0030007362365722656
0.0034410953521728516
0.0029985904693603516
0.0029993057250976562
0.004000425338745117
0.002553701400756836
0.0020034313201904297
0.0029997825622558594
0.002010822296142578
0.0019910335540771484
0.001001119613647461
0.0009982585906982422
0.0004999637603759766
0.0
0.0
0.0
0.0
0.0009996891021728516
0.0009965896606445312
0.0020029544830322266
0.0030035972595214844
0.0032804012298583984
0.004052400588989258
0.0020062923431396484
0.0030694007873535156
0.0019922256469726562
0.003000497817993164
0.002005338668823242
0.002007007598876953
0.0023179054260253906
0.0020008087158203125
0.00202178955078125
0.0010058879852294922
0.002003192901611328
0.001998424530029297
0.0028200149536132812
0.0010979175567626953
0.0010852813720703125
0.0019991397857666016
0.0010013580322265625
0.0009913444519042969
0.0010094642639160156
0.0010762214660644531
0.001007080078125
0.0
0.0
0.0
0.0010118484497070312
0.001999378204345703
0.002008199691772461
0.001992940902709961
0.0019989013671875
0.002567291259765625
0.0019991397857666016
0.0020182132720947266
0.00428009033203125
0.0035676956176757812
0.0029993057250976562
0.003149271011352539
0.0036537647247314453
0.0025472640991210938
0.0027370452880859375
0.0021610260009765625
0.0019989013671875
0.002117156982421875
0.0020961761474609375
0.001001119613647461
0.001001119613647461
0.0014684200286865234
0.0020036697387695312
0.0017328262329101562
0.0010044574737548828
0.0010056495666503906
0.0009591579437255859
0.0010211467742919922
0.0
0.0009298324584960938
0.0010077953338623047
0.0019927024841308594
0.0023834705352783203
0.0029692649841308594
0.002006053924560547
0.002011537551879883
0.0036470890045166016
0.002996683120727539
0.002000093460083008
0.003511190414428711
0.003324747085571289
0.003000497817993164
0.004270315170288086
0.0019986629486083984
0.002302408218383789
0.003736734390258789
0.0023653507232666016
0.0009992122650146484
0.0025708675384521484
0.0010082721710205078
0.0020117759704589844
0.001001119613647461
0.0009992122650146484
0.0
0.0008647441864013672
0.0
0.0010046958923339844
0.0
0.0010001659393310547
0.0
0.0015628337860107422
0.002315998077392578
0.0012590885162353516
0.0019998550415039062
0.003387928009033203
0.0020134449005126953
0.003002166748046875
0.004004478454589844
0.005432605743408203
0.004006862640380859
0.0030002593994140625
0.004295825958251953
0.001993417739868164
0.003227710723876953
0.0031151771545410156
0.0020685195922851562
0.0024306774139404297
0.0020020008087158203
0.0030448436737060547
0.0029735565185546875
0.003042459487915039
0.001880645751953125
0.001010894775390625
0.0010035037994384766
0.0010221004486083984
0.0009763240814208984
0.0
0.0
0.0
0.0010104179382324219
0.0021181106567382812
0.001999378204345703
0.0029997825622558594
0.0026345252990722656
0.004259586334228516
0.0020253658294677734
0.003008127212524414
0.0029888153076171875
0.0025446414947509766
0.0030219554901123047
0.0029883384704589844
0.003002643585205078
0.0020110607147216797
0.0023064613342285156
0.003002166748046875
0.0020253658294677734
0.002009868621826172
0.0010123252868652344
0.0016047954559326172
0.0020034313201904297
0.0009999275207519531
0.0019998550415039062
0.0019998550415039062
0.0010657310485839844
0.0009930133819580078
0.0009672641754150391
0.00099945068359375
0.0
0.0
0.001005411148071289
0.0
0.0030159950256347656
0.0020058155059814453
0.002015352249145508
0.003117799758911133
0.0030562877655029297
0.003966569900512695
0.0043103694915771484
0.003045797348022461
0.0020062923431396484
0.0029990673065185547
0.003818511962890625
0.0029981136322021484
0.0030143260955810547
0.002987384796142578
0.0010008811950683594
0.0010814666748046875
0.001007080078125
0.0019991397857666016
0.003000497817993164
0.002002239227294922
0.0011444091796875
0.0
0.0010001659393310547
0.0010001659393310547
0.0009999275207519531
0.0009984970092773438
0.0
0.000993490219116211
0.00200653076171875
0.0010056495666503906
0.0023221969604492188
0.0030019283294677734
0.002004384994506836
0.003007650375366211
0.003290891647338867
0.001998424530029297
0.003005504608154297
0.002006053924560547
0.003648996353149414
0.003000020980834961
0.0019981861114501953
0.0034182071685791016
0.0030024051666259766
0.0030050277709960938
0.0019998550415039062
0.002000093460083008
0.0019989013671875
0.0013315677642822266
0.0010974407196044922
0.0010058879852294922
0.0010044574737548828
0.001001596450805664
0.0009932518005371094
0.0010001659393310547
0.0010247230529785156
0.000400543212890625
0.0
0.0011425018310546875
0.0020041465759277344
0.0010104179382324219
0.0030050277709960938
0.0029993057250976562
0.0019953250885009766
0.002112150192260742
0.0020051002502441406
0.0029990673065185547
0.0030088424682617188
0.0030851364135742188
0.003248453140258789
0.003009796142578125
0.02952861785888672
0.0034863948822021484
0.0029969215393066406
0.0016200542449951172
0.0025017261505126953
0.001753091812133789
0.0019979476928710938
0.0015921592712402344
0.0015060901641845703
0.0010068416595458984
0.0010051727294921875
0.0010046958923339844
0.0009918212890625
0.0010001659393310547
0.0
0.0
0.0
0.0010082721710205078
0.0021212100982666016
0.0020096302032470703
0.0030012130737304688
0.0029985904693603516
0.002003192901611328
0.003037691116333008
0.004000186920166016
0.002004384994506836
0.0041005611419677734
0.004010200500488281
0.0030031204223632812
0.0030045509338378906
0.0041010379791259766
0.002986431121826172
0.0030066967010498047
0.0043642520904541016
0.0022842884063720703
0.0020034313201904297
0.0019974708557128906
0.002001523971557617
0.0010225772857666016
0.002085447311401367
0.0
0.0
0.0
0.0
0.0009996891021728516
0.0
0.0009989738464355469
0.0009908676147460938
0.0010023117065429688
0.002221822738647461
0.0021822452545166016
0.002002716064453125
0.0036046504974365234
0.0030069351196289062
0.0021584033966064453
0.002003908157348633
0.002991914749145508
0.0030035972595214844
0.00199127197265625
0.003007173538208008
0.0019884109497070312
0.001998424530029297
0.0020036697387695312
0.002000093460083008
0.0010061264038085938
0.0016384124755859375
0.00099945068359375
0.0010006427764892578
0.002005338668823242
0.0010044574737548828
0.001003265380859375
0.0
0.0010006427764892578
0.0009999275207519531
0.0009996891021728516
0.0
0.0009987354278564453
0.0010018348693847656
0.0005006790161132812
0.0034563541412353516
0.004701852798461914
0.0019958019256591797
0.0039997100830078125
0.0029990673065185547
0.002656221389770508
0.002002716064453125
0.003002166748046875
0.0020046234130859375
0.0020041465759277344
0.0022170543670654297
0.0030019283294677734
0.003003835678100586
0.0020236968994140625
0.002075672149658203
0.0009999275207519531
0.001998424530029297
0.0010097026824951172
0.0010073184967041016
0.0
0.0010061264038085938
0.0010006427764892578
0.0
0.0
0.0
0.0
0.0021440982818603516
0.0012388229370117188
0.0020055770874023438
0.005000114440917969
0.0025789737701416016
0.0029997825622558594
0.0040013790130615234
0.003004312515258789
0.003055095672607422
0.004019975662231445
0.0029990673065185547
0.0032579898834228516
0.0020051002502441406
0.0021162033081054688
0.0019974708557128906
0.0020051002502441406
0.001999378204345703
0.0030002593994140625
0.0021009445190429688
0.0020046234130859375
0.0020003318786621094
0.0009932518005371094
0.0
0.001005411148071289
0.0010008811950683594
0.0010390281677246094
0.0013322830200195312
0.0009937286376953125
0.0
0.0009870529174804688
0.0010082721710205078
0.0020055770874023438
0.0029900074005126953
0.0034902095794677734
0.001999378204345703
0.00400853157043457
0.0030128955841064453
0.0029671192169189453
0.001996755599975586
0.003998517990112305
0.002008199691772461
0.0033712387084960938
0.0030078887939453125
0.002000570297241211
0.002010822296142578
0.001035451889038086
0.0010097026824951172
0.0010504722595214844
0.0020694732666015625
0.001407623291015625
0.0013425350189208984
0.0009970664978027344
0.001016378402709961
0.0
0.0009999275207519531
0.0010006427764892578
0.0
0.000997781753540039
0.0
0.001008749008178711
0.0011301040649414062
0.001998424530029297
0.002009153366088867
0.0020112991333007812
0.003506898880004883
0.004320383071899414
0.0030083656311035156
0.0019974708557128906
0.004228830337524414
0.003003835678100586
0.0030035972595214844
0.0040895938873291016
0.001996278762817383
0.0020041465759277344
0.003620147705078125
0.002004861831665039
0.0031256675720214844
0.0020058155059814453
0.0019998550415039062
0.0020046234130859375
0.0019960403442382812
0.0010039806365966797
0.0020880699157714844
0.0010061264038085938
0.0010001659393310547
0.0
0.0
0.0010018348693847656
0.0
0.0009975433349609375
0.001004934310913086
0.0020072460174560547
0.0023984909057617188
0.0029993057250976562
0.0020020008087158203
0.003178119659423828
0.005263566970825195
0.003767728805541992
0.002338409423828125
0.0029993057250976562
0.0024068355560302734
0.003008604049682617
0.003991365432739258
0.003002166748046875
0.0030965805053710938
0.0020074844360351562
0.002009868621826172
0.001999378204345703
0.0019989013671875
0.0020928382873535156
0.001520395278930664
0.0010135173797607422
0.0010099411010742188
0.0009891986846923828
0.0010018348693847656
0.0009999275207519531
0.0010006427764892578
0.0
0.0
0.001010894775390625
0.0020074844360351562
0.00214385986328125
0.002029895782470703
0.0019981861114501953
0.0020122528076171875
0.00099945068359375
0.0020062923431396484
0.0020110607147216797
0.0020012855529785156
0.002004384994506836
0.002010822296142578
0.0023832321166992188
0.0039997100830078125
0.003011465072631836
0.0030014514923095703
0.00173187255859375
0.002998828887939453
0.002001047134399414
0.0022563934326171875
0.002001523971557617
0.002081155776977539
0.0010120868682861328
0.0009987354278564453
0.0010280609130859375
0.000995635986328125
0.0009827613830566406
0.0
0.0
0.0009796619415283203
0.0020151138305664062
0.0021767616271972656
0.001987934112548828
0.0009958744049072266
0.0039386749267578125
0.0020072460174560547
0.002184152603149414
0.0030107498168945312
0.0019991397857666016
0.002011537551879883
0.0020096302032470703
0.003174304962158203
0.0029985904693603516
0.00299835205078125
0.0030007362365722656
0.00250244140625
0.0020372867584228516
0.002020597457885742
0.0011000633239746094
0.0010030269622802734
0.0010066032409667969
0.0015380382537841797
0.0009942054748535156
0.0019979476928710938
0.0010421276092529297
0.0010075569152832031
0.0
0.0
0.0
0.0010101795196533203
0.0010077953338623047
0.002015829086303711
0.0015139579772949219
0.0019986629486083984
0.0040094852447509766
0.0041179656982421875
0.002991914749145508
0.0030133724212646484
0.002981424331665039
0.0015201568603515625
0.003038167953491211
0.002956867218017578
0.0030112266540527344
0.0024073123931884766
0.0020036697387695312
0.003003835678100586
0.0019958019256591797
0.0009989738464355469
0.002041339874267578
0.002393007278442383
0.002161264419555664
0.0019989013671875
0.0020737648010253906
0.0010442733764648438
0.0010619163513183594
0.0009400844573974609
0.00099945068359375
0.00104522705078125
0.000270843505859375
0.0010216236114501953
0.0015037059783935547
0.0030002593994140625
0.0029985904693603516
0.002084493637084961
0.0022814273834228516
0.003979682922363281
0.0030007362365722656
0.00302886962890625
0.002962827682495117
0.0024993419647216797
0.0030045509338378906
0.002157926559448242
0.0020067691802978516
0.0030074119567871094
0.002006053924560547
0.0019974708557128906
0.0020902156829833984
0.001999378204345703
0.002001047134399414
0.0009989738464355469
0.0010023117065429688
0.0010058879852294922
0.0005002021789550781
0.001009225845336914
0.0
0.0009984970092773438
0.001001119613647461
0.0
0.0009992122650146484
0.0009922981262207031
0.0
0.0020036697387695312
0.003928661346435547
0.0020051002502441406
0.004000425338745117
0.003215312957763672
0.0040051937103271484
0.0019960403442382812
0.003000974655151367
0.0030574798583984375
0.002012968063354492
0.0020003318786621094
0.0020046234130859375
0.002000093460083008
0.0019979476928710938
0.0
0.0
0.0
0.0010058879852294922
0.000993967056274414
0.0009944438934326172
0.0010025501251220703
0.0009987354278564453
0.0010221004486083984
0.0009775161743164062
0.0
0.0
0.0
0.0010073184967041016
0.002067089080810547
0.000997304916381836
0.001994609832763672
0.002000570297241211
0.0020034313201904297
0.002113819122314453
0.004000425338745117
0.0020089149475097656
0.0029993057250976562
0.004592418670654297
0.003049612045288086
0.002006053924560547
0.002254486083984375
0.0023941993713378906
0.0010385513305664062
0.0020418167114257812
0.0010058879852294922
0.001956939697265625
0.002137899398803711
0.0020439624786376953
0.0013365745544433594
0.0010483264923095703
0.0009517669677734375
0.0009999275207519531
0.0005061626434326172
0.0012793540954589844
0.0
0.0
0.0009996891021728516
0.0021066665649414062
0.0021200180053710938
0.002045154571533203
0.0019421577453613281
0.0020422935485839844
0.003223419189453125
0.0040130615234375
0.004013776779174805
0.00461888313293457
0.002967357635498047
0.002939939498901367
0.0029981136322021484
0.002103567123413086
0.0020008087158203125
0.002998828887939453
0.0019996166229248047
0.0010399818420410156
0.0010385513305664062
0.001028299331665039
0.002012968063354492
0.00099945068359375
0.0010001659393310547
0.0009982585906982422
0.0010459423065185547
0.0009663105010986328
0.0
0.0
0.0009992122650146484
0.0010020732879638672
0.002259969711303711
0.0010082721710205078
0.003002166748046875
0.002971649169921875
0.0020303726196289062
0.0020530223846435547
0.0030493736267089844
0.0034215450286865234
0.0019989013671875
0.003505706787109375
0.003019094467163086
0.003041505813598633
0.0020415782928466797
0.003210306167602539
0.0030028820037841797
0.0029993057250976562
0.001995563507080078
0.0020418167114257812
0.0020945072174072266
0.002035379409790039
0.027689695358276367
0.0
0.000997304916381836
0.0010027885437011719
0.0
0.0
0.0009992122650146484
0.0
0.0010004043579101562
0.0020728111267089844
0.0026237964630126953
0.003762960433959961
0.002999544143676758
0.0020227432250976562
0.0020051002502441406
0.002015352249145508
0.003998756408691406
0.002000570297241211
0.0028524398803710938
0.0020012855529785156
0.004008054733276367
0.0029942989349365234
0.0030770301818847656
0.0025086402893066406
0.002000570297241211
0.0020003318786621094
0.003004312515258789
0.002003192901611328
0.002008676528930664
0.002004861831665039
0.002000093460083008
0.002994060516357422
0.0020079612731933594
0.0010318756103515625
0.0009999275207519531
0.0
0.0010006427764892578
0.0
0.0
0.0010066032409667969
0.0020041465759277344
0.0020008087158203125
0.003999471664428711
0.00299072265625
0.00400853157043457
0.0030007362365722656
0.003386259078979492
0.003995656967163086
0.002008676528930664
0.0030782222747802734
0.002240419387817383
0.0019860267639160156
0.0020074844360351562
0.002004861831665039
0.0030002593994140625
0.002504110336303711
0.0020017623901367188
0.0
0.0010225772857666016
0.0
0.001008749008178711
0.001012563705444336
0.00099945068359375
0.001001596450805664
0.0
0.0
0.0
0.0
0.0019960403442382812
0.001009225845336914
0.0020189285278320312
0.0009806156158447266
0.003110647201538086
0.0019991397857666016
0.0020079612731933594
0.001995563507080078
0.0020024776458740234
0.0031986236572265625
0.0030090808868408203
0.002999544143676758
0.003269672393798828
0.003001689910888672
0.0029566287994384766
0.0030014514923095703
0.0020406246185302734
0.0010395050048828125
0.0021491050720214844
0.002000093460083008
0.003000974655151367
0.002042531967163086
0.0010406970977783203
0.001003265380859375
0.0
0.0013279914855957031
0.0011017322540283203
0.0
0.001035928726196289
0.0010008811950683594
0.0013294219970703125
0.002008676528930664
0.0029985904693603516
0.0030770301818847656
0.0029566287994384766
0.0030045509338378906
0.003017902374267578
0.003813028335571289
0.004044055938720703
0.002943277359008789
0.0015513896942138672
0.0010001659393310547
0.0029921531677246094
0.002042055130004883
0.003998994827270508
0.0020608901977539062
0.002001523971557617
0.002037525177001953
0.0010023117065429688
0.0020012855529785156
0.0009975433349609375
0.001997709274291992
0.0010018348693847656
0.0011699199676513672
0.0010907649993896484
0.0
0.0
0.0009996891021728516
0.0
0.0010006427764892578
0.001999378204345703
0.0020084381103515625
0.0020074844360351562
0.004139900207519531
0.0029997825622558594
0.003973245620727539
0.005922555923461914
0.004038333892822266
0.0050318241119384766
0.0042116641998291016
0.003039121627807617
0.004004955291748047
0.0031104087829589844
0.0019986629486083984
0.002042055130004883
0.001965761184692383
0.003041982650756836
0.002260446548461914
0.002042055130004883
0.0019996166229248047
0.0019996166229248047
0.0020399093627929688
0.0010004043579101562
0.0011136531829833984
0.0010495185852050781
0.001001596450805664
0.0
0.0
0.0
0.0009996891021728516
0.001001119613647461
0.002998828887939453
0.0019888877868652344
0.0021681785583496094
0.004008054733276367
0.0030057430267333984
0.003119945526123047
0.004003763198852539
0.0030438899993896484
0.003000020980834961
0.0033397674560546875
0.0029985904693603516
0.002041339874267578
0.003972291946411133
0.0036613941192626953
0.003004312515258789
0.0010075569152832031
0.002002716064453125
0.001996755599975586
0.0020422935485839844
0.0021457672119140625
0.0020041465759277344
0.001995563507080078
0.001961231231689453
0.0010001659393310547
0.0
0.0003631114959716797
0.0010445117950439453
0.0
0.001001119613647461
0.0010716915130615234
0.00200653076171875
0.0030257701873779297
0.003999948501586914
0.0019567012786865234
0.0039997100830078125
0.0030634403228759766
0.0020046234130859375
0.002646207809448242
0.0030007362365722656
0.0019664764404296875
0.0026581287384033203
0.004593372344970703
0.0030117034912109375
0.003311634063720703
0.0030050277709960938
0.003612995147705078
0.0019648075103759766
0.0020515918731689453
0.0009999275207519531
0.0019989013671875
0.0020008087158203125
0.0010025501251220703
0.0010728836059570312
0.0009989738464355469
0.0009989738464355469
0.00041484832763671875
0.0
0.0009996891021728516
0.002000093460083008
0.002040863037109375
0.0021262168884277344
0.0019998550415039062
0.0030024051666259766
0.003000020980834961
0.0025436878204345703
0.004492998123168945
0.003999233245849609
0.004614591598510742
0.0040094852447509766
0.0020341873168945312
0.002039670944213867
0.0021789073944091797
0.003042936325073242
0.003049135208129883
0.0029976367950439453
0.0032417774200439453
0.002004861831665039
0.001965045928955078
0.002003192901611328
0.0010454654693603516
0.0019638538360595703
0.0023136138916015625
0.0010433197021484375
0.0
0.00038242340087890625
0.0
0.0010077953338623047
0.0019330978393554688
0.0031015872955322266
0.00099945068359375
0.002007007598876953
0.004029273986816406
0.004060983657836914
0.004004716873168945
0.003002643585205078
0.002955913543701172
0.003328084945678711
0.002957582473754883
0.003050088882446289
0.0020051002502441406
0.0032346248626708984
0.0030171871185302734
0.0019974708557128906
0.0020470619201660156
0.0021779537200927734
0.0019986629486083984
0.002020120620727539
0.0009794235229492188
0.0016627311706542969
0.0010018348693847656
0.0010607242584228516
0.0010039806365966797
0.0
0.00022745132446289062
0.0
0.0012280941009521484
0.0009565353393554688
0.001920461654663086
0.001997709274291992
0.003479480743408203
0.0019998550415039062
0.003046274185180664
0.004045963287353516
0.0036432743072509766
0.00400233268737793
0.004323720932006836
0.002608776092529297
0.0030596256256103516
0.0032591819763183594
0.003072977066040039
0.001016378402709961
0.0025000572204589844
0.002058744430541992
0.0019960403442382812
0.0009987354278564453
0.0010025501251220703
0.000997781753540039
0.0009992122650146484
0.0019996166229248047
0.0017673969268798828
0.0
0.0005009174346923828
0.0004994869232177734
0.0
0.0
0.0010411739349365234
0.002050161361694336
0.002001523971557617
0.002374887466430664
0.001984834671020508
0.003484010696411133
0.0029518604278564453
0.003172636032104492
0.002033233642578125
0.001981973648071289
0.003002643585205078
0.0020062923431396484
0.003351449966430664
0.002999544143676758
0.0029969215393066406
0.0019998550415039062
0.002590656280517578
0.0019750595092773438
0.002979755401611328
0.0020139217376708984
0.0009958744049072266
0.001998424530029297
0.002000570297241211
0.0020020008087158203
0.0010111331939697266
0.0010023117065429688
0.0009996891021728516
0.0009999275207519531
0.0
0.0
0.0
0.001010894775390625
0.0020110607147216797
0.0012099742889404297
0.0029981136322021484
0.0019905567169189453
0.0019965171813964844
0.004579067230224609
0.003653287887573242
0.003999233245849609
0.0051076412200927734
0.002016305923461914
0.002053976058959961
0.001992940902709961
0.002003908157348633
0.0025234222412109375
0.001970052719116211
0.0030443668365478516
0.003011941909790039
0.001999378204345703
0.002279996871948242
0.0019996166229248047
0.0020003318786621094
0.0019991397857666016
0.0011830329895019531
0.0010440349578857422
0.0009894371032714844
0.0010182857513427734
0.0
0.0
0.0
0.0015556812286376953
0.0
0.0019998550415039062
0.002048969268798828
0.001999378204345703
0.00299835205078125
0.0040340423583984375
0.003016233444213867
0.0030031204223632812
0.004361152648925781
0.002007007598876953
0.002044677734375
0.003000974655151367
0.0022330284118652344
0.0009598731994628906
0.0020477771759033203
0.0010356903076171875
0.0010440349578857422
0.00099945068359375
0.0010330677032470703
0.0
0.0020987987518310547
0.0020041465759277344
0.0010366439819335938
0.0010416507720947266
0.0009589195251464844
0.000997304916381836
0.0
0.0
0.001004934310913086
0.002051830291748047
0.0020029544830322266
0.0029997825622558594
0.004002094268798828
0.003053426742553711
0.0034532546997070312
0.003004789352416992
0.0026063919067382812
0.0040035247802734375
0.004004240036010742
0.0039958953857421875
0.0035936832427978516
0.0030410289764404297
0.0010178089141845703
0.002042055130004883
0.0021448135375976562
0.0020427703857421875
0.002034902572631836
0.0020449161529541016
0.0014128684997558594
0.001153707504272461
0.0011043548583984375
0.001481771469116211
0.0009987354278564453
0.0
0.0
0.0
0.0
0.0009999275207519531
0.0010082721710205078
0.002439737319946289
0.002038240432739258
0.0017843246459960938
0.002999544143676758
0.002006053924560547
0.002045869827270508
0.002258777618408203
0.003049612045288086
0.0040476322174072266
0.003045797348022461
0.003011465072631836
0.003996849060058594
0.0030434131622314453
0.0035698413848876953
0.003058910369873047
0.003033876419067383
0.002005338668823242
0.002045869827270508
0.0030012130737304688
0.002000570297241211
0.0010356903076171875
0.001039743423461914
0.0009930133819580078
0.0010089874267578125
0.0010001659393310547
0.0
0.0
0.0
0.0010077953338623047
0.0015261173248291016
0.002999544143676758
0.0019860267639160156
0.003000497817993164
0.0042231082916259766
0.002998828887939453
0.0039632320404052734
0.003592967987060547
0.0038046836853027344
0.004862546920776367
0.0032248497009277344
0.003117799758911133
0.00299072265625
0.0030057430267333984
0.0020089149475097656
0.0035130977630615234
0.0031480789184570312
0.0029935836791992188
0.002010822296142578
0.001992464065551758
0.0011844635009765625
0.0023064613342285156
0.0010204315185546875
0.0
0.0
0.0
0.0
0.0
0.0010099411010742188
0.0009980201721191406
0.0025451183319091797
0.0030090808868408203
0.0020017623901367188
0.0030138492584228516
0.0033876895904541016
0.0020499229431152344
0.0029997825622558594
0.0029833316802978516
0.002080678939819336
0.003034830093383789
0.002994537353515625
0.0030019283294677734
0.003185749053955078
0.0029561519622802734
0.0030012130737304688
0.003040790557861328
0.0019986629486083984
0.0030655860900878906
0.0010464191436767578
0.002002239227294922
0.002006053924560547
0.0010361671447753906
0.0009942054748535156
0.0009748935699462891
0.0
0.0
0.0
0.0
0.000499725341796875
0.002017498016357422
0.0020215511322021484
0.001997709274291992
0.002989053726196289
0.004058361053466797
0.004231452941894531
0.0030066967010498047
0.0027124881744384766
0.0020399093627929688
0.002040386199951172
0.001985788345336914
0.001966238021850586
0.014814376831054688
0.004847288131713867
0.002015352249145508
0.0038161277770996094
0.0020020008087158203
0.0019998550415039062
0.0020961761474609375
0.0010349750518798828
0.0010328292846679688
0.0010423660278320312
0.00099945068359375
0.0010046958923339844
0.0009734630584716797
0.0010242462158203125
0.0
0.0
0.0010826587677001953
0.0015065670013427734
0.002007007598876953
0.0030422210693359375
0.003001689910888672
0.004597187042236328
0.0029587745666503906
0.0030107498168945312
0.0037300586700439453
0.0029990673065185547
0.004004240036010742
0.004204273223876953
0.004094362258911133
0.00400090217590332
0.0030014514923095703
0.003009796142578125
0.004000425338745117
0.0020067691802978516
0.003099679946899414
0.0019998550415039062
0.002999544143676758
0.002004861831665039
0.0020051002502441406
0.0010027885437011719
0.001079559326171875
0.0011408329010009766
0.0009937286376953125
0.0
0.0
0.0010008811950683594
0.0009989738464355469
0.0009946823120117188
0.002004861831665039
0.003669261932373047
0.002999544143676758
0.002003908157348633
0.004004001617431641
0.0030112266540527344
0.0030050277709960938
0.0040013790130615234
0.002606630325317383
0.0030045509338378906
0.0028471946716308594
0.0029304027557373047
0.0021212100982666016
0.0037429332733154297
0.0030188560485839844
0.0009992122650146484
0.0019998550415039062
0.0019998550415039062
0.0015594959259033203
0.0010020732879638672
0.0010004043579101562
0.0010018348693847656
0.0010216236114501953
0.0009748935699462891
0.0010001659393310547
0.0
0.0
0.0009999275207519531
0.0009965896606445312
0.002355813980102539
0.0019752979278564453
0.0019989013671875
0.0029993057250976562
0.002651214599609375
0.0019996166229248047
0.004008769989013672
0.0009996891021728516
0.00458216667175293
0.002999544143676758
0.003325223922729492
0.0046198368072509766
0.0019998550415039062
0.0019996166229248047
0.0030012130737304688
0.002999544143676758
0.0032792091369628906
0.0019989013671875
0.0021936893463134766
0.002386331558227539
0.001982450485229492
0.0009999275207519531
0.0009992122650146484
0.0010001659393310547
0.00099945068359375
0.0
0.0
0.0
0.001004934310913086
0.0020003318786621094
0.0019989013671875
0.001990079879760742
0.002634763717651367
0.0030035972595214844
0.003261089324951172
0.0019948482513427734
0.0037086009979248047
0.003998756408691406
0.0040094852447509766
0.004433155059814453
0.0029976367950439453
0.002996683120727539
0.0031783580780029297
0.0020859241485595703
0.002368450164794922
0.0019998550415039062
0.0020024776458740234
0.0017976760864257812
0.0013911724090576172
0.0010082721710205078
0.0010879039764404297
0.0010101795196533203
0.000989675521850586
0.0
0.0
0.0
0.001020193099975586
0.0010077953338623047
0.0009996891021728516
0.0021898746490478516
0.0032126903533935547
0.002997159957885742
0.0020127296447753906
0.0019991397857666016
0.002446889877319336
0.0020074844360351562
0.0020084381103515625
0.002009153366088867
0.0030736923217773438
0.0020377635955810547
0.003008127212524414
0.0030019283294677734
0.0030028820037841797
0.0020771026611328125
0.000986337661743164
0.0
0.0009989738464355469
0.0010013580322265625
0.0010104179382324219
0.0010018348693847656
0.0009999275207519531
0.0009987354278564453
0.0
0.0004992485046386719
0.0005021095275878906
0.0005006790161132812
0.0
0.0010128021240234375
0.002002716064453125
0.0018703937530517578
0.003063201904296875
0.001506805419921875
0.0030024051666259766
0.002998828887939453
0.0019960403442382812
0.003202199935913086
0.0029981136322021484
0.002988576889038086
0.00299835205078125
0.002591371536254883
0.002000093460083008
0.0010101795196533203
0.0010099411010742188
0.001001119613647461
0.001001119613647461
0.0010004043579101562
0.002079010009765625
0.0020062923431396484
0.0010118484497070312
0.0010037422180175781
0.0
0.0010132789611816406
0.0009992122650146484
0.0
0.0
0.0
0.0
0.0010120868682861328
0.0004982948303222656
0.0022492408752441406
0.001997709274291992
0.0020411014556884766
0.0035812854766845703
0.0022346973419189453
0.002002716064453125
0.002000093460083008
0.0029952526092529297
0.0030422210693359375
0.0031850337982177734
0.0022742748260498047
0.0029993057250976562
0.002998828887939453
0.0020415782928466797
0.002056598663330078
0.0019459724426269531
0.002045154571533203
0.0010495185852050781
0.001953601837158203
0.002037525177001953
0.0010037422180175781
0.0010440349578857422
0.0
0.0014109611511230469
0.0010058879852294922
0.0009932518005371094
0.0
0.0010001659393310547
0.001999378204345703
0.0021092891693115234
0.0021049976348876953
0.0019958019256591797
0.003001689910888672
0.003814220428466797
0.0030527114868164062
0.0040438175201416016
0.004197835922241211
0.004135608673095703
0.004095315933227539
0.004046440124511719
0.003999948501586914
0.004150867462158203
0.0020411014556884766
0.0031266212463378906
0.0020055770874023438
0.0032324790954589844
0.000997781753540039
0.0010383129119873047
0.0019617080688476562
0.0010459423065185547
0.000988006591796875
0.0
0.001001596450805664
0.001033782958984375
0.0
0.0
0.0
0.001020193099975586
0.0020074844360351562
0.001998424530029297
0.0021789073944091797
0.0030007362365722656
0.0019931793212890625
0.0020470619201660156
0.004441738128662109
0.0030062198638916016
0.0020117759704589844
0.003893136978149414
0.003321409225463867
0.003003358840942383
0.004643440246582031
0.0021064281463623047
0.003040790557861328
0.0030438899993896484
0.0023250579833984375
0.0030472278594970703
0.0020444393157958984
0.003001689910888672
0.0019991397857666016
0.0020399093627929688
0.0009999275207519531
0.0010437965393066406
0.001056671142578125
0.0005016326904296875
0.0010132789611816406
0.0
0.0
0.0
0.001001596450805664
0.0020012855529785156
0.0020377635955810547
0.0031118392944335938
0.002998828887939453
0.0029997825622558594
0.00103759765625
0.001986265182495117
0.0011472702026367188
0.0014195442199707031
0.0010542869567871094
0.0009655952453613281
0.001996755599975586
0.002046823501586914
0.0031685829162597656
0.0030066967010498047
0.00299835205078125
0.0036156177520751953
0.0020415782928466797
0.002597808837890625
0.002007007598876953
0.002043008804321289
0.001957416534423828
0.0019998550415039062
0.0010356903076171875
0.0009639263153076172
0.0009996891021728516
0.0
0.0
0.0010917186737060547
0.0009987354278564453
0.0009992122650146484
0.0010581016540527344
0.003042936325073242
0.0032498836517333984
0.002958059310913086
0.0020067691802978516
0.0030395984649658203
0.002409696578979492
0.003999233245849609
0.0039997100830078125
0.003047943115234375
0.0032205581665039062
0.0030355453491210938
0.002041339874267578
0.001973867416381836
0.0020432472229003906
0.002066373825073242
0.002315044403076172
0.0009634494781494141
0.0020406246185302734
0.0010423660278320312
0.0020105838775634766
0.0019485950469970703
0.0005052089691162109
0.0010044574737548828
0.0011014938354492188
0.0
0.0011813640594482422
0.0
0.0005333423614501953
0.0009911060333251953
0.001990795135498047
0.0019774436950683594
0.0019996166229248047
0.005389213562011719
0.0029985904693603516
0.0020406246185302734
0.003998279571533203
0.004349470138549805
0.0025038719177246094
0.0030364990234375
0.003318309783935547
0.0032808780670166016
0.0019981861114501953
0.002991199493408203
0.0035598278045654297
0.001997709274291992
0.002042531967163086
0.001009225845336914
0.0010502338409423828
0.0
0.00099945068359375
0.0010380744934082031
0.0014636516571044922
0.0010042190551757812
0.0009593963623046875
0.0
0.0
0.0
0.001009225845336914
0.001020193099975586
0.002000093460083008
0.0030677318572998047
0.0019979476928710938
0.0019958019256591797
0.0029649734497070312
0.0020384788513183594
0.0036160945892333984
0.0022428035736083984
0.003997325897216797
0.0030472278594970703
0.0026993751525878906
0.002041339874267578
0.0030405521392822266
0.0020029544830322266
0.0010077953338623047
0.001062154769897461
0.0020008087158203125
0.001051187515258789
0.0010411739349365234
0.0
0.0
0.0010023117065429688
0.0010023117065429688
0.0
0.0
0.0005109310150146484
0.0
0.0
0.0011742115020751953
0.0019981861114501953
0.002000093460083008
0.0024864673614501953
0.003019571304321289
0.0029997825622558594
0.00400090217590332
0.003124713897705078
0.0019850730895996094
0.0030090808868408203
0.0019865036010742188
0.0019991397857666016
0.0022063255310058594
0.0030083656311035156
0.0029997825622558594
0.0019996166229248047
0.0021119117736816406
0.0020101070404052734
0.0029909610748291016
0.0020194053649902344
0.0010225772857666016
0.0010094642639160156
0.0
0.0011098384857177734
0.0009860992431640625
0.001001596450805664
0.0
0.0
0.0009999275207519531
0.0020093917846679688
0.0021834373474121094
0.001588582992553711
0.0013751983642578125
0.003000020980834961
0.0029976367950439453
0.0030105113983154297
0.003664255142211914
0.004011631011962891
0.002986907958984375
0.00499415397644043
0.003011465072631836
0.003008127212524414
0.003593921661376953
0.00323486328125
0.0009980201721191406
0.0020110607147216797
0.001988649368286133
0.002025604248046875
0.001984834671020508
0.001989603042602539
0.0010137557983398438
0.02946925163269043
0.0009562969207763672
0.0010001659393310547
0.0010001659393310547
0.0009999275207519531
0.0009999275207519531
0.0017743110656738281
0.0034475326538085938
0.0019996166229248047
0.0029463768005371094
0.0019986629486083984
0.002032756805419922
0.003313779830932617
0.003005504608154297
0.003056049346923828
0.0020160675048828125
0.0020034313201904297
0.002000093460083008
0.0029985904693603516
0.002579212188720703
0.002003192901611328
0.0020041465759277344
0.002000093460083008
0.0020029544830322266
0.0020029544830322266
0.0015082359313964844
0.0010056495666503906
0.0010080337524414062
0.001680612564086914
0.001009225845336914
0.0010199546813964844
0.000989675521850586
0.0009903907775878906
0.0010671615600585938
0.0
0.0
0.0010068416595458984
0.0032982826232910156
0.0009944438934326172
0.0019998550415039062
0.0020627975463867188
0.0019998550415039062
0.0020182132720947266
0.001995563507080078
0.0019974708557128906
0.004057884216308594
0.0030062198638916016
0.0030045509338378906
0.0019998550415039062
0.0026121139526367188
0.000997781753540039
0.0020074844360351562
0.0020079612731933594
0.0029489994049072266
0.0020818710327148438
0.0020427703857421875
0.0010116100311279297
0.0009999275207519531
0.002003192901611328
0.001997232437133789
0.0009992122650146484
0.0010132789611816406
0.0
0.0
0.0
0.0009999275207519531
0.0010097026824951172
0.001008749008178711
0.001999378204345703
0.0009996891021728516
0.002999544143676758
0.0031702518463134766
0.0030202865600585938
0.003022909164428711
0.003990650177001953
0.003713369369506836
0.0039980411529541016
0.003022432327270508
0.003917694091796875
0.0030155181884765625
0.0029938220977783203
0.0020101070404052734
0.0035622119903564453
0.0020694732666015625
0.002009153366088867
0.0010018348693847656
0.0010094642639160156
0.0009887218475341797
0.001043081283569336
0.0010268688201904297
0.0009984970092773438
0.001041412353515625
0.0
0.0
0.0
0.0
0.000988006591796875
0.0
0.0036516189575195312
0.0020072460174560547
0.0032122135162353516
0.003010988235473633
0.002001047134399414
0.003008127212524414
0.0021555423736572266
0.003008127212524414
0.00281524658203125
0.003007650375366211
0.0020089149475097656
0.0029060840606689453
0.0019986629486083984
0.0029976367950439453
0.0020132064819335938
0.0010077953338623047
0.0016641616821289062
0.0020072460174560547
0.001999378204345703
0.002008676528930664
0.0020012855529785156
0.0
0.0009989738464355469
0.0
0.0
0.0
0.0
0.0010013580322265625
0.001998424530029297
0.0009980201721191406
0.00398707389831543
0.0020301342010498047
0.002998828887939453
0.0029816627502441406
0.0025179386138916016
0.002115964889526367
0.0019996166229248047
0.0020105838775634766
0.001998424530029297
0.0009987354278564453
0.0020859241485595703
0.002112865447998047
0.0020012855529785156
0.0019998550415039062
0.0010175704956054688
0.00099945068359375
0.0
0.0009989738464355469
0.0010101795196533203
0.0010328292846679688
0.001069784164428711
0.0010030269622802734
0.0
0.0
0.00099945068359375
0.0
0.0
0.0009887218475341797
0.0019998550415039062
0.0020084381103515625
0.002636432647705078
0.0020089149475097656
0.0030088424682617188
0.003008604049682617
0.0031423568725585938
0.0030088424682617188
0.002010345458984375
0.0030918121337890625
0.002465486526489258
0.0020089149475097656
0.0030088424682617188
0.0019996166229248047
0.002101421356201172
0.0019991397857666016
0.0020110607147216797
0.0019762516021728516
0.002008199691772461
0.0019998550415039062
0.0015437602996826172
0.0020842552185058594
0.000990152359008789
0.0010416507720947266
0.0009996891021728516
0.0
0.0
0.0009875297546386719
0.00102996826171875
0.001577615737915039
0.003696441650390625
0.003004789352416992
0.0020182132720947266
0.003153085708618164
0.0019991397857666016
0.002008676528930664
0.003008127212524414
0.0035736560821533203
0.002658843994140625
0.002813577651977539
0.004274606704711914
0.002375364303588867
0.0010104179382324219
0.0010111331939697266
0.001997232437133789
0.0020036697387695312
0.0019969940185546875
0.0020780563354492188
0.0012476444244384766
0.0010063648223876953
0.00099945068359375
0.0010020732879638672
0.0009987354278564453
0.0010075569152832031
0.0
0.0
0.0010018348693847656
0.001104116439819336
0.0020084381103515625
0.0014951229095458984
0.0020575523376464844
0.00321197509765625
0.0029985904693603516
0.003598451614379883
0.004546165466308594
0.0030090808868408203
0.003612041473388672
0.003970623016357422
0.0030117034912109375
0.0030090808868408203
0.003577709197998047
0.002009153366088867
0.0020074844360351562
0.0010046958923339844
0.0019936561584472656
0.002003908157348633
0.0025577545166015625
0.0020003318786621094
0.002010345458984375
0.0010037422180175781
0.0009980201721191406
0.0021562576293945312
0.0009992122650146484
0.001001119613647461
0.0010232925415039062
0.0
0.0
0.0021784305572509766
0.0009975433349609375
0.002010822296142578
0.0030791759490966797
0.0020084381103515625
0.0015118122100830078
0.005023002624511719
0.0040090084075927734
0.003419160842895508
0.0033156871795654297
0.003999471664428711
0.0030269622802734375
0.0025272369384765625
0.0010271072387695312
0.0020074844360351562
0.0010094642639160156
0.0011055469512939453
0.0010089874267578125
0.0021295547485351562
0.0010137557983398438
0.0020036697387695312
0.001001119613647461
0.0010080337524414062
0.000993490219116211
0.0010008811950683594
0.0010023117065429688
0.0
0.0
0.0
0.0
0.0010802745819091797
0.0
0.00201416015625
0.0019919872283935547
0.0029981136322021484
0.0031638145446777344
0.001995086669921875
0.004000186920166016
0.0030400753021240234
0.0031926631927490234
0.002811908721923828
0.0030400753021240234
0.003005504608154297
0.002007007598876953
0.0029997825622558594
0.001951456069946289
0.002042055130004883
0.001013040542602539
0.0003783702850341797
0.002109050750732422
0.0020389556884765625
0.0009987354278564453
0.0
0.0
0.0
0.0
0.0009996891021728516
0.0
0.0
0.0
0.0015943050384521484
0.0019991397857666016
0.0020074844360351562
0.0019943714141845703
0.0036287307739257812
0.00328826904296875
0.004093170166015625
0.004531383514404297
0.004007577896118164
0.00395965576171875
0.0035140514373779297
0.0022552013397216797
0.0030083656311035156
0.001999378204345703
0.003006458282470703
0.002274036407470703
0.002008199691772461
0.0020020008087158203
0.0
0.002008676528930664
0.001001596450805664
0.0010101795196533203
0.001001119613647461
0.0009794235229492188
0.0
0.001001596450805664
0.0010001659393310547
0.0
0.0010013580322265625
0.0
0.001008749008178711
0.00099945068359375
0.0020079612731933594
0.0025899410247802734
0.0019979476928710938
0.004003286361694336
0.001987934112548828
0.0024776458740234375
0.003999233245849609
0.003009796142578125
0.0030019283294677734
0.0030994415283203125
0.003000020980834961
0.0029871463775634766
0.003025054931640625
0.003075122833251953
0.0010118484497070312
0.001008749008178711
0.0010097026824951172
0.0020012855529785156
0.0010166168212890625
0.0019888877868652344
0.0011219978332519531
0.0010106563568115234
0.0009891986846923828
0.0
0.0009992122650146484
0.0010089874267578125
0.0
0.002013683319091797
0.0
0.003008604049682617
0.0019960403442382812
0.0019910335540771484
0.0030105113983154297
0.002010822296142578
0.002279996871948242
0.0030007362365722656
0.0030164718627929688
0.00200653076171875
0.002183198928833008
0.0020012855529785156
0.0030090808868408203
0.0019996166229248047
0.0020089149475097656
0.003075838088989258
0.002000570297241211
0.0020148754119873047
0.001008749008178711
0.0020093917846679688
0.001990079879760742
0.0016148090362548828
0.0011417865753173828
0.001001596450805664
0.0010204315185546875
0.0
0.0
0.0
0.0
0.0
0.001008749008178711
0.0016222000122070312
0.001998424530029297
0.002204418182373047
0.003009796142578125
0.0040225982666015625
0.003039836883544922
0.0035123825073242188
0.0038442611694335938
0.0020418167114257812
0.0020461082458496094
0.002051830291748047
0.0020008087158203125
0.0019991397857666016
0.003041505813598633
0.0009996891021728516
0.002075672149658203
0.0019958019256591797
0.0020012855529785156
0.0020401477813720703
0.0010104179382324219
0.0010426044464111328
0.0021305084228515625
0.001005411148071289
0.0010485649108886719
0.0009491443634033203
0.0
0.0
0.0
0.0009968280792236328
0.0015223026275634766
0.0011119842529296875
0.0020067691802978516
0.003000974655151367
0.003085613250732422
0.003452777862548828
0.002003192901611328
0.004003763198852539
0.0020351409912109375
0.0030832290649414062
0.0029969215393066406
0.002436399459838867
0.0011556148529052734
0.0020415782928466797
0.0010881423950195312
0.0010063648223876953
0.0010328292846679688
0.0008728504180908203
0.0010399818420410156
0.0010454654693603516
0.0010488033294677734
0.0010406970977783203
0.0010623931884765625
0.001001596450805664
0.0009999275207519531
0.0
0.0
0.0
0.0
0.0009989738464355469
0.0010001659393310547
0.0010001659393310547
0.0035991668701171875
0.003041505813598633
0.0020411014556884766
0.003046751022338867
0.004343271255493164
0.0029990673065185547
0.0029497146606445312
0.004262208938598633
0.0030333995819091797
0.003137826919555664
0.002856016159057617
0.0020449161529541016
0.0030031204223632812
0.0029976367950439453
0.0030333995819091797
0.0020427703857421875
0.002095937728881836
0.002506256103515625
0.001967191696166992
0.003937959671020508
0.014168500900268555
0.0026378631591796875
0.0025293827056884766
0.002269268035888672
0.0016815662384033203
0.0010492801666259766
0.0
0.0009655952453613281
0.0020012855529785156
0.0025298595428466797
0.004006862640380859
0.0029990673065185547
0.004254817962646484
0.0030090808868408203
0.003492593765258789
0.0036232471466064453
0.0030791759490966797
0.0029489994049072266
0.0020294189453125
0.0020046234130859375
0.0011582374572753906
0.002000093460083008
0.0026497840881347656
0.0020041465759277344
0.0009975433349609375
0.0009930133819580078
0.0020933151245117188
0.0020067691802978516
0.0010106563568115234
0.0010046958923339844
0.0009989738464355469
0.0010080337524414062
0.0
0.0
0.0
0.0009996891021728516
0.0
0.0015285015106201172
0.0010366439819335938
0.001993417739868164
0.001999378204345703
0.0019922256469726562
0.003236055374145508
0.004002809524536133
0.003993034362792969
0.00442814826965332
0.00400233268737793
0.004999876022338867
0.0015552043914794922
0.0020036697387695312
0.003000497817993164
0.003008127212524414
0.0031790733337402344
0.0029959678649902344
0.0030100345611572266
0.0022165775299072266
0.0020046234130859375
0.001016855239868164
0.0020024776458740234
0.0020055770874023438
0.0010004043579101562
0.00099945068359375
0.0010001659393310547
0.0
0.0010001659393310547
0.0
0.0
0.0010449886322021484
0.001997709274291992
0.0010030269622802734
0.0030028820037841797
0.0029981136322021484
0.0035419464111328125
0.002003192901611328
0.0030078887939453125
0.002988100051879883
0.0022003650665283203
0.003043651580810547
0.0020427703857421875
0.0030007362365722656
0.0029184818267822266
0.003040313720703125
0.002045154571533203
0.002044200897216797
0.0020470619201660156
0.0010402202606201172
0.0011386871337890625
0.0
0.0011587142944335938
0.0014998912811279297
0.001499176025390625
0.001447439193725586
0.0014996528625488281
0.0004994869232177734
0.0009996891021728516
0.0
0.0017688274383544922
0.002820253372192383
0.003558635711669922
0.002521038055419922
0.00400996208190918
0.0019991397857666016
0.0016584396362304688
0.002999544143676758
0.001997709274291992
0.003664731979370117
0.0032324790954589844
0.0029981136322021484
0.0020067691802978516
0.002004384994506836
0.0029993057250976562
0.0035126209259033203
0.002003908157348633
0.003427267074584961
0.001508951187133789
0.0015664100646972656
0.0010128021240234375
0.0010061264038085938
0.0010013580322265625
0.001999378204345703
0.0012366771697998047
0.000997781753540039
0.0
0.0
0.001065969467163086
0.0010035037994384766
0.002011537551879883
0.0018787384033203125
0.004509449005126953
0.0031423568725585938
0.004503488540649414
0.0030045509338378906
0.0036814212799072266
0.001956462860107422
0.003000020980834961
0.002995014190673828
0.005009651184082031
0.0052814483642578125
0.003089427947998047
0.0030062198638916016
0.0020945072174072266
0.0020494461059570312
0.003548145294189453
0.0020008087158203125
0.0019996166229248047
0.0019981861114501953
0.002087831497192383
0.0010066032409667969
0.0009937286376953125
0.0005013942718505859
0.0009789466857910156
0.0
0.0010008811950683594
0.0010578632354736328
0.00031948089599609375
0.001010894775390625
0.0009958744049072266
0.003595590591430664
0.006001949310302734
0.003590106964111328
0.005970954895019531
0.0030002593994140625
0.00310516357421875
0.0026214122772216797
0.003998279571533203
0.005829572677612305
0.0039958953857421875
0.0019915103912353516
0.003002166748046875
0.005594968795776367
0.005367755889892578
0.0030083656311035156
0.004113435745239258
0.0027403831481933594
0.002999544143676758
0.002017498016357422
0.0005006790161132812
0.0009989738464355469
0.0019991397857666016
0.0010006427764892578
0.0009996891021728516
0.001468658447265625
0.0
0.001463174819946289
0.0
0.0010044574737548828
0.0
0.0021004676818847656
0.0030031204223632812
0.0030126571655273438
0.003080129623413086
0.0020029544830322266
0.0030019283294677734
0.003999471664428711
0.004078388214111328
0.003003358840942383
0.004003286361694336
0.003244638442993164
0.003004789352416992
0.003517627716064453
0.0025076866149902344
0.0020020008087158203
0.002022266387939453
0.0020775794982910156
0.001007080078125
0.0009984970092773438
0.0010080337524414062
0.0
0.0010056495666503906
0.0010373592376708984
0.0
0.0
0.0005261898040771484
0.0004987716674804688
0.001012563705444336
0.002004384994506836
0.0019986629486083984
0.002576589584350586
0.0030074119567871094
0.004014730453491211
0.002000570297241211
0.0030040740966796875
0.003996849060058594
0.003000974655151367
0.0031168460845947266
0.002510547637939453
0.0029997825622558594
0.003007650375366211
0.003438711166381836
0.0030057430267333984
0.0030014514923095703
0.0029993057250976562
0.002673625946044922
0.002489805221557617
0.00262451171875
0.0010037422180175781
0.002001047134399414
0.000997781753540039
0.0010638236999511719
0.0005004405975341797
0.0
0.0005002021789550781
0.0005002021789550781
0.0010066032409667969
0.0019991397857666016
0.002007722854614258
0.002999544143676758
0.004009723663330078
0.001001596450805664
0.0020020008087158203
0.006035327911376953
0.0019989013671875
0.006096839904785156
0.004122018814086914
0.003994941711425781
0.003011941909790039
0.002012968063354492
0.00200653076171875
0.003999948501586914
0.002992391586303711
0.002419710159301758
0.00400090217590332
0.002236604690551758
0.001992940902709961
0.0010073184967041016
0.0009996891021728516
0.0014998912811279297
0.0015072822570800781
0.001001596450805664
0.00040459632873535156
0.0
0.0
0.0009996891021728516
0.0
0.0011112689971923828
0.0020203590393066406
0.0020837783813476562
0.002003908157348633
0.002003908157348633
0.003617525100708008
0.0019991397857666016
0.001999378204345703
0.005007505416870117
0.005007028579711914
0.004004716873168945
0.005209445953369141
0.0045070648193359375
0.005024909973144531
0.003083944320678711
0.0030014514923095703
0.0040018558502197266
0.0029954910278320312
0.002307415008544922
0.0010008811950683594
0.003000974655151367
0.0029985904693603516
0.002001047134399414
0.0010061264038085938
0.0005009174346923828
0.000499725341796875
0.0010819435119628906
0.0004999637603759766
0.0004990100860595703
0.0
0.00099945068359375
0.0
0.003011465072631836
0.002624034881591797
0.002996206283569336
0.0029993057250976562
0.0038487911224365234
0.002996206283569336
0.001997709274291992
0.0050923824310302734
0.00613713264465332
0.005987882614135742
0.003185272216796875
0.0030002593994140625
0.002003192901611328
0.0010077953338623047
0.0016417503356933594
0.0010001659393310547
0.004140377044677734
0.0019979476928710938
0.0015354156494140625
0.0014429092407226562
0.0011456012725830078
0.0010080337524414062
0.0010006427764892578
0.0007114410400390625
0.0
0.0
0.0010042190551757812
0.002008199691772461
0.0009982585906982422
0.002503633499145508
0.0032563209533691406
0.0020003318786621094
0.004363298416137695
0.002987384796142578
0.002009868621826172
0.0040013790130615234
0.0040073394775390625
0.0030083656311035156
0.0035867691040039062
0.003576993942260742
0.0020046234130859375
0.0034754276275634766
0.004063129425048828
0.0024933815002441406
0.002000093460083008
0.0033211708068847656
0.001004934310913086
0.0019979476928710938
0.0020987987518310547
0.0020151138305664062
0.0018815994262695312
0.001007080078125
0.0005006790161132812
0.0
0.0010013580322265625
0.0
0.0010073184967041016
0.0010013580322265625
0.002569437026977539
0.0035157203674316406
0.003996133804321289
0.003990888595581055
0.003180265426635742
0.0043218135833740234
0.0036437511444091797
0.003999471664428711
0.004001617431640625
0.00609278678894043
0.004001140594482422
0.004871845245361328
0.004442453384399414
0.004129886627197266
0.0032091140747070312
0.0029976367950439453
0.004926919937133789
0.0025780200958251953
0.0030846595764160156
0.0016617774963378906
0.0011434555053710938
0.0011539459228515625
0.0012247562408447266
0.00099945068359375
0.001010894775390625
0.0
0.0
0.0021800994873046875
0.0020842552185058594
0.001003265380859375
0.0030059814453125
0.005250453948974609
0.0030012130737304688
0.0030007362365722656
0.004157066345214844
0.003015279769897461
0.002004861831665039
0.0023009777069091797
0.003004312515258789
0.003160715103149414
0.0019991397857666016
0.0025260448455810547
0.002997159957885742
0.00200653076171875
0.0030188560485839844
0.0032508373260498047
0.0020008087158203125
0.0020787715911865234
0.0015017986297607422
0.0009999275207519531
0.0009999275207519531
0.0
0.0
0.0010001659393310547
0.0009999275207519531
0.0
0.0
0.002002716064453125
0.0010006427764892578
0.0030188560485839844
0.001994609832763672
0.003000497817993164
0.003153562545776367
0.0049932003021240234
0.0033440589904785156
0.0040051937103271484
0.002004384994506836
0.0028619766235351562
0.003626108169555664
0.0030040740966796875
0.003002643585205078
0.0029997825622558594
0.003209352493286133
0.006003856658935547
0.0023365020751953125
0.004225730895996094
0.003269672393798828
0.002003908157348633
0.002001047134399414
0.001999378204345703
0.0028264522552490234
0.0010180473327636719
0.0009944438934326172
0.0010035037994384766
0.0
0.0
0.0
0.002002716064453125
0.031780242919921875
0.0024805068969726562
0.0028831958770751953
0.0037026405334472656
0.004135847091674805
0.002306222915649414
0.005689382553100586
0.0063440799713134766
0.007497072219848633
0.005101680755615234
0.0067157745361328125
0.00472259521484375
0.006103515625
0.0050029754638671875
0.003176450729370117
0.0032951831817626953
0.0011706352233886719
0.00261688232421875
0.00377655029296875
0.0021059513092041016
0.0009996891021728516
0.0010063648223876953
0.0010538101196289062
0.0
0.0009992122650146484
0.0
0.0
0.0
0.0021991729736328125
0.003253459930419922
0.0020787715911865234
0.003482341766357422
0.005264997482299805
0.0045735836029052734
0.004273891448974609
0.0044672489166259766
0.006387948989868164
0.005457639694213867
0.006628274917602539
0.004414796829223633
0.003554821014404297
0.0039033889770507812
0.0039920806884765625
0.0035881996154785156
0.002065896987915039
0.002654552459716797
0.0027298927307128906
0.0025107860565185547
0.003000020980834961
0.0017583370208740234
0.0035033226013183594
0.002309083938598633
0.0015289783477783203
0.002010345458984375
0.0011785030364990234
0.0003609657287597656
0.0005002021789550781
0.0018680095672607422
0.0027608871459960938
0.0024526119232177734
0.004851102828979492
0.005847930908203125
0.0038945674896240234
0.005057573318481445
0.0063860416412353516
0.0061190128326416016
0.007222414016723633
0.005509138107299805
0.006219387054443359
0.00405120849609375
0.002674579620361328
0.004530668258666992
0.004266023635864258
0.0045049190521240234
0.00449061393737793
0.005430936813354492
0.004500389099121094
0.0029370784759521484
0.003130197525024414
0.002527475357055664
0.002000093460083008
0.0014998912811279297
0.0011129379272460938
0.0011916160583496094
0.0006313323974609375
0.0
0.0020360946655273438
0.00323486328125
0.0025205612182617188
0.0020525455474853516
0.0019991397857666016
0.0035643577575683594
0.003592967987060547
0.005128622055053711
0.004003047943115234
0.004105329513549805
0.00614619255065918
0.0030062198638916016
0.004960298538208008
0.002705812454223633
0.004173755645751953
0.0030057430267333984
0.002050161361694336
0.002480030059814453
0.0029997825622558594
0.0010080337524414062
0.0019998550415039062
0.002003908157348633
0.0023767948150634766
0.0010776519775390625
0.0010044574737548828
0.0010023117065429688
0.001129150390625
0.000110626220703125
0.0
0.0017545223236083984
0.0023987293243408203
0.0017039775848388672
0.0026116371154785156
0.003993511199951172
0.0018939971923828125
0.0030052661895751953
0.0026552677154541016
0.004014015197753906
0.0029990673065185547
0.004006624221801758
0.005009651184082031
0.0029990673065185547
0.0020036697387695312
0.003438234329223633
0.002997875213623047
0.0020029544830322266
0.002000093460083008
0.0022110939025878906
0.002042055130004883
0.001020669937133789
0.00101470947265625
0.002003192901611328
0.0009987354278564453
0.0009999275207519531
0.0010004043579101562
0.0
0.0
0.0
0.0
0.0020017623901367188
0.0030014514923095703
0.0030019283294677734
0.002050638198852539
0.002992868423461914
0.002998828887939453
0.003180265426635742
0.0033957958221435547
0.003000497817993164
0.004006147384643555
0.0060100555419921875
0.0029981136322021484
0.006068706512451172
0.0030188560485839844
0.006237030029296875
0.0040051937103271484
0.004587888717651367
0.004612922668457031
0.001996755599975586
0.0037817955017089844
0.0020682811737060547
0.002003908157348633
0.0023641586303710938
0.001995086669921875
0.0019996166229248047
0.0010228157043457031
0.0009918212890625
0.0
0.0
